0 0.744482 0.538355 0.020000 0.020000
0 0.748165 0.747159 0.020000 0.020000
2 0.679226 0.203834 0.101100 0.018468
2 0.747241 0.205966 0.038600 0.014205
2 0.854779 0.220170 0.099265 0.042614
2 0.927388 0.219461 0.031247 0.044032
2 0.923715 0.250711 0.042276 0.015623
2 0.924632 0.281961 0.040441 0.046877
2 0.925550 0.325286 0.038606 0.039773
2 0.857538 0.323864 0.101100 0.042618
2 0.852941 0.280539 0.091906 0.046877
2 0.852941 0.248577 0.091906 0.017045
2 0.855697 0.656250 0.104782 0.014209
2 0.852941 0.673295 0.110294 0.017045
2 0.851103 0.704545 0.106618 0.045455
2 0.853859 0.781250 0.104776 0.107955
2 0.924635 0.779118 0.029412 0.103691
2 0.923712 0.702414 0.038600 0.041191
2 0.923712 0.673295 0.038600 0.017045
2 0.928309 0.658382 0.025735 0.012782
2 0.855700 0.561791 0.108459 0.092327
2 0.925550 0.566761 0.038606 0.099432
2 0.850185 0.491477 0.104782 0.048300
2 0.850182 0.461648 0.108459 0.014205
2 0.855697 0.448864 0.104782 0.019891
2 0.852024 0.416195 0.101106 0.039773
2 0.849265 0.388495 0.106624 0.015627
2 0.920038 0.388495 0.038606 0.015627
2 0.918197 0.417614 0.034924 0.039773
2 0.922794 0.447443 0.029412 0.019886
2 0.922794 0.463780 0.029412 0.012786
2 0.920956 0.491477 0.033088 0.042609