0 0.380518 0.160509 0.020000 0.020000
0 0.375000 0.174718 0.020000 0.020000
0 0.382353 0.186082 0.020000 0.020000
0 0.380518 0.198864 0.020000 0.020000
0 0.375000 0.230114 0.020000 0.020000
0 0.380518 0.240055 0.020000 0.020000
0 0.380518 0.360795 0.020000 0.020000
0 0.378676 0.373582 0.020000 0.020000
0 0.380518 0.383523 0.020000 0.020000
0 0.380518 0.400568 0.020000 0.020000
0 0.378676 0.430400 0.020000 0.020000
0 0.380518 0.446023 0.020000 0.020000
0 0.382353 0.563918 0.020000 0.020000
0 0.378676 0.573864 0.020000 0.020000
0 0.384188 0.589491 0.020000 0.020000
0 0.380518 0.600855 0.020000 0.020000
0 0.384188 0.640627 0.020000 0.020000
0 0.376835 0.650568 0.020000 0.020000
1 0.312500 0.068182 0.365588 0.022836
1 0.820774 0.069602 0.253453 0.022841
1 0.238971 0.886364 0.317800 0.022836
1 0.581803 0.889205 0.323312 0.020000
1 0.523900 0.927557 0.130294 0.022841
1 0.182903 0.928977 0.143159 0.022845
1 0.693932 0.656961 0.150512 0.021423
1 0.697609 0.674716 0.161547 0.022841
1 0.700368 0.688918 0.148676 0.020000
1 0.866729 0.534091 0.194635 0.020000
1 0.653494 0.519886 0.209341 0.022845
1 0.697612 0.449573 0.150518 0.021418
1 0.694853 0.465909 0.148671 0.025682
1 0.694853 0.478691 0.145000 0.020000
1 0.865809 0.335227 0.200147 0.025682
1 0.659929 0.318182 0.211176 0.022836
1 0.693015 0.247159 0.148676 0.020000
1 0.693932 0.264205 0.150512 0.022845
1 0.694853 0.279118 0.148671 0.021418
1 0.867647 0.134945 0.192800 0.020000
1 0.655329 0.128552 0.213012 0.021423
1 0.172794 0.705966 0.174412 0.022841
1 0.220588 0.679686 0.288376 0.024264
1 0.223344 0.649145 0.297571 0.020000
1 0.222426 0.622159 0.288382 0.022845
1 0.218750 0.595882 0.288382 0.021418
1 0.222424 0.573155 0.284706 0.021418
1 0.218750 0.443891 0.295735 0.021418
1 0.222429 0.413352 0.292059 0.022841
1 0.228862 0.385655 0.279194 0.021418
1 0.221509 0.360084 0.279194 0.021423
1 0.221509 0.336648 0.290218 0.022841
1 0.171876 0.274150 0.187282 0.025682
1 0.223347 0.246448 0.290224 0.021423
1 0.227024 0.213780 0.286541 0.021423
1 0.216912 0.189632 0.270000 0.024264
1 0.225185 0.166902 0.286547 0.021423
1 0.223347 0.139205 0.290224 0.022845