0 0.404594 0.035511 0.020000 0.020000
0 0.792641 0.220173 0.020000 0.020000
1 0.519538 0.285511 0.091724 0.020000
1 0.617009 0.285511 0.143218 0.020000
1 0.742065 0.285511 0.135859 0.022844
2 0.283218 0.090911 0.408271 0.090909
2 0.187585 0.148437 0.198618 0.026988
2 0.385285 0.151988 0.193100 0.028410
2 0.282297 0.218748 0.402759 0.107955
2 0.281376 0.290484 0.400918 0.029827
2 0.567356 0.153410 0.163676 0.034089
2 0.725512 0.154830 0.167353 0.028405
2 0.731029 0.183950 0.148965 0.024148
2 0.564594 0.183239 0.161835 0.031249
2 0.567353 0.210227 0.167353 0.025570
2 0.565515 0.242188 0.156324 0.029827
2 0.733788 0.242188 0.150800 0.026992
2 0.563676 0.113635 0.160000 0.039773
2 0.563674 0.068891 0.152641 0.044035