0 0.496155 0.732954 0.020000 0.020000
0 0.520260 0.735797 0.020000 0.020000
0 0.542358 0.737217 0.020000 0.020000
0 0.568470 0.738636 0.020000 0.020000
0 0.604631 0.735797 0.020000 0.020000
0 0.624716 0.738636 0.020000 0.020000
0 0.654849 0.740056 0.020000 0.020000
0 0.204891 0.191761 0.020000 0.020000
0 0.345502 0.196024 0.020000 0.020000
0 0.484105 0.190342 0.020000 0.020000
0 0.618688 0.188918 0.020000 0.020000
0 0.570478 0.180398 0.020000 0.020000
0 0.584541 0.178978 0.020000 0.020000
0 0.612666 0.173296 0.020000 0.020000
0 0.636765 0.171877 0.020000 0.020000
0 0.652836 0.171877 0.020000 0.020000
0 0.674933 0.173296 0.020000 0.020000
0 0.701046 0.167614 0.020000 0.020000
0 0.709081 0.171877 0.020000 0.020000
0 0.801481 0.174716 0.020000 0.020000
0 0.809516 0.176135 0.020000 0.020000
0 0.831614 0.176135 0.020000 0.020000
0 0.857727 0.176135 0.020000 0.020000
0 0.869782 0.177559 0.020000 0.020000
0 0.891874 0.177559 0.020000 0.020000
0 0.907944 0.177559 0.020000 0.020000
0 0.922007 0.176135 0.020000 0.020000
0 0.536330 0.894887 0.020000 0.020000
0 0.544365 0.893467 0.020000 0.020000
0 0.570478 0.893467 0.020000 0.020000
0 0.590568 0.892044 0.020000 0.020000
0 0.612666 0.893467 0.020000 0.020000
0 0.626723 0.894887 0.020000 0.020000
0 0.650828 0.893467 0.020000 0.020000
0 0.664891 0.890624 0.020000 0.020000
0 0.546372 0.921877 0.020000 0.020000
0 0.554407 0.921877 0.020000 0.020000
0 0.576505 0.923296 0.020000 0.020000
0 0.596596 0.919034 0.020000 0.020000
0 0.622709 0.921877 0.020000 0.020000
0 0.642793 0.921877 0.020000 0.020000
0 0.658863 0.921877 0.020000 0.020000
0 0.662884 0.921877 0.020000 0.020000
0 0.536330 0.948863 0.020000 0.020000
0 0.546372 0.948863 0.020000 0.020000
0 0.574498 0.948863 0.020000 0.020000
0 0.608646 0.953125 0.020000 0.020000
0 0.618688 0.950282 0.020000 0.020000
0 0.636765 0.948863 0.020000 0.020000
0 0.654849 0.948863 0.020000 0.020000
0 0.594583 0.950282 0.020000 0.020000
0 0.791439 0.893467 0.020000 0.020000
0 0.813537 0.893467 0.020000 0.020000
0 0.827600 0.893467 0.020000 0.020000
0 0.845677 0.893467 0.020000 0.020000
0 0.871790 0.890624 0.020000 0.020000
0 0.899909 0.890624 0.020000 0.020000
0 0.915979 0.890624 0.020000 0.020000
0 0.875810 0.893467 0.020000 0.020000
0 0.791439 0.917614 0.020000 0.020000
0 0.807509 0.917614 0.020000 0.020000
0 0.813537 0.917614 0.020000 0.020000
0 0.827600 0.920453 0.020000 0.020000
0 0.855719 0.920453 0.020000 0.020000
0 0.871790 0.920453 0.020000 0.020000
0 0.889867 0.921877 0.020000 0.020000
0 0.917993 0.919034 0.020000 0.020000
0 0.789432 0.947443 0.020000 0.020000
0 0.807509 0.948863 0.020000 0.020000
0 0.831614 0.950282 0.020000 0.020000
0 0.845677 0.951706 0.020000 0.020000
0 0.873797 0.950282 0.020000 0.020000
0 0.897902 0.950282 0.020000 0.020000
0 0.915979 0.950282 0.020000 0.020000
0 0.928035 0.951706 0.020000 0.020000
2 0.826593 0.416903 0.226983 0.018465
2 0.826593 0.436791 0.222969 0.018465
2 0.824586 0.453125 0.218954 0.014203
2 0.827597 0.473010 0.216947 0.022728
2 0.827600 0.492897 0.212926 0.017046
2 0.824586 0.512074 0.218954 0.018469
2 0.822576 0.532672 0.210919 0.022728
2 0.825586 0.732954 0.212926 0.022728
2 0.804498 0.655541 0.235018 0.009944
2 0.264148 0.656960 0.399734 0.012783
2 0.284235 0.674716 0.419825 0.011364
2 0.249081 0.727984 0.345502 0.029829
2 0.279211 0.169746 0.172751 0.015626
2 0.563449 0.229404 0.745242 0.021304
2 0.565459 0.246447 0.741221 0.012783
2 0.563449 0.266336 0.737201 0.021308
2 0.560435 0.286932 0.743229 0.017046
2 0.440916 0.308948 0.504190 0.015622
2 0.861747 0.307527 0.148646 0.018465
2 0.269169 0.892044 0.156681 0.011364
2 0.269172 0.921165 0.160701 0.009940
2 0.266158 0.954545 0.150659 0.019889
2 0.438909 0.887783 0.154674 0.028410
2 0.437905 0.915483 0.152666 0.021304
2 0.435895 0.946022 0.148646 0.028410
2 0.732183 0.890626 0.078343 0.017046
2 0.732183 0.921875 0.082358 0.017046
2 0.726158 0.955257 0.094407 0.015626