1 0.266541 0.828836 0.284706 0.021418
1 0.696694 0.799716 0.387647 0.022841
2 0.841912 0.198152 0.224271 0.154832
2 0.840991 0.100143 0.222429 0.032668
2 0.840074 0.066050 0.224265 0.038355
2 0.399818 0.192470 0.652576 0.163350
2 0.117647 0.435370 0.069859 0.228695
2 0.196688 0.431818 0.095588 0.235800
2 0.417276 0.431818 0.345588 0.227273
2 0.690259 0.539773 0.204047 0.022727
2 0.868568 0.539773 0.152571 0.022727
2 0.867647 0.428266 0.165435 0.191759
2 0.764706 0.433950 0.047788 0.197445
2 0.693935 0.431818 0.093753 0.201709
2 0.619482 0.422586 0.058824 0.211645
2 0.511947 0.590909 0.873165 0.062500