0 0.108455 0.642048 0.020000 0.020000
0 0.104776 0.663352 0.020000 0.020000
0 0.108455 0.747158 0.020000 0.020000
0 0.113969 0.788352 0.020000 0.020000
2 0.145220 0.327415 0.202204 0.032673
2 0.346510 0.328124 0.204047 0.031255
2 0.551475 0.326703 0.205882 0.028412
2 0.798714 0.325994 0.295953 0.032667
2 0.681063 0.267045 0.553310 0.025570
2 0.222424 0.270597 0.363969 0.032673
2 0.226102 0.244318 0.356612 0.028406
2 0.587314 0.242188 0.365812 0.026994
2 0.860294 0.240058 0.183820 0.031255
2 0.498161 0.210227 0.908086 0.028406
2 0.222427 0.183239 0.356620 0.028406
2 0.582722 0.184661 0.363969 0.031248
2 0.859376 0.183236 0.189341 0.031248
2 0.496322 0.153409 0.911765 0.028406
2 0.409008 0.853691 0.718753 0.036933
2 0.860294 0.855824 0.191176 0.032667