0 0.477945 0.663352 0.020000 0.020000
0 0.542282 0.666194 0.020000 0.020000
0 0.119482 0.805400 0.020000 0.020000
0 0.123161 0.825285 0.020000 0.020000
0 0.128675 0.835224 0.020000 0.020000
0 0.130518 0.853691 0.020000 0.020000
0 0.126839 0.883521 0.020000 0.020000
0 0.336400 0.886364 0.020000 0.020000
0 0.327208 0.866479 0.020000 0.020000
0 0.338235 0.850855 0.020000 0.020000
0 0.332722 0.828127 0.020000 0.020000
0 0.332722 0.813921 0.020000 0.020000
0 0.542282 0.802558 0.020000 0.020000
0 0.538604 0.822442 0.020000 0.020000
0 0.534925 0.840909 0.020000 0.020000
0 0.538604 0.866479 0.020000 0.020000
0 0.538604 0.877842 0.020000 0.020000
0 0.750000 0.842327 0.020000 0.020000
0 0.755514 0.823867 0.020000 0.020000
0 0.742643 0.801139 0.020000 0.020000
0 0.665443 0.294036 0.020000 0.020000
0 0.667278 0.274145 0.020000 0.020000
0 0.670957 0.258521 0.020000 0.020000
0 0.667278 0.238636 0.020000 0.020000
0 0.667278 0.224430 0.020000 0.020000
0 0.665443 0.208806 0.020000 0.020000
0 0.128675 0.203127 0.020000 0.020000
0 0.121325 0.218752 0.020000 0.020000
0 0.123161 0.232958 0.020000 0.020000
0 0.121325 0.254261 0.020000 0.020000
0 0.123161 0.268467 0.020000 0.020000
0 0.125004 0.284091 0.020000 0.020000
0 0.125004 0.298297 0.020000 0.020000
0 0.123161 0.312497 0.020000 0.020000
0 0.119482 0.329545 0.020000 0.020000
0 0.126839 0.343752 0.020000 0.020000
0 0.125004 0.355115 0.020000 0.020000
0 0.125004 0.365055 0.020000 0.020000
0 0.123161 0.386364 0.020000 0.020000
0 0.128675 0.400570 0.020000 0.020000
0 0.125004 0.423297 0.020000 0.020000
0 0.262871 0.194600 0.020000 0.020000
0 0.382353 0.201703 0.020000 0.020000
0 0.380518 0.220170 0.020000 0.020000
0 0.384188 0.234376 0.020000 0.020000
0 0.382353 0.259945 0.020000 0.020000
0 0.386031 0.269885 0.020000 0.020000
0 0.386031 0.284091 0.020000 0.020000
0 0.382353 0.294036 0.020000 0.020000
0 0.382353 0.321024 0.020000 0.020000
0 0.384188 0.309661 0.020000 0.020000
0 0.387867 0.335224 0.020000 0.020000
0 0.382353 0.346594 0.020000 0.020000
0 0.384188 0.362218 0.020000 0.020000
0 0.382353 0.373582 0.020000 0.020000
0 0.384188 0.384945 0.020000 0.020000
0 0.384188 0.406248 0.020000 0.020000
0 0.391545 0.416194 0.020000 0.020000
1 0.404412 0.156248 0.391318 0.025685
1 0.826286 0.156961 0.220369 0.021424
1 0.863051 0.846591 0.128455 0.022842
1 0.824447 0.867897 0.198306 0.020000
1 0.828125 0.887782 0.194635 0.020000
1 0.792282 0.341618 0.273678 0.021418
1 0.790439 0.361506 0.266322 0.024261
1 0.791357 0.387076 0.264486 0.024261
1 0.791361 0.405539 0.275522 0.024267
1 0.784008 0.426136 0.271843 0.025679
1 0.303306 0.692470 0.387647 0.024261
1 0.734373 0.689630 0.396839 0.021418
1 0.743565 0.715197 0.400510 0.024261
1 0.738973 0.736506 0.391325 0.024261
1 0.738973 0.757103 0.402353 0.020000
1 0.300553 0.713779 0.378455 0.021424
1 0.300553 0.736506 0.389482 0.021424
1 0.297796 0.760655 0.383969 0.021418
1 0.192094 0.519888 0.168894 0.022842
1 0.193012 0.544033 0.167059 0.025679
1 0.193933 0.568182 0.165216 0.022836
1 0.194855 0.588070 0.159702 0.022842
1 0.186580 0.617185 0.172580 0.024261
1 0.324447 0.614348 0.099043 0.024261
1 0.431067 0.612927 0.095373 0.027103
1 0.326286 0.590909 0.102722 0.022836
1 0.438420 0.593039 0.099051 0.021424
1 0.329043 0.569603 0.111906 0.022842
1 0.430149 0.568182 0.089851 0.025685
1 0.324447 0.544033 0.110071 0.022842
1 0.431067 0.544745 0.113757 0.021418
1 0.329965 0.519885 0.095365 0.020000
1 0.433824 0.522018 0.104557 0.021418
1 0.613973 0.614348 0.170737 0.024261
1 0.757353 0.619318 0.119271 0.022842
1 0.863051 0.615767 0.099043 0.024261
1 0.615812 0.592330 0.156031 0.025679
1 0.750922 0.593039 0.113749 0.021424
1 0.874082 0.589488 0.121106 0.022842
1 0.605698 0.570312 0.172573 0.024261
1 0.759192 0.571021 0.119263 0.022842
1 0.877761 0.567473 0.113749 0.021418
1 0.607537 0.544745 0.168894 0.021418
1 0.757353 0.546164 0.130298 0.021418
1 0.867647 0.543324 0.115592 0.024261
1 0.613051 0.519888 0.154196 0.022842
1 0.761027 0.521309 0.126620 0.020000
1 0.875918 0.524148 0.102722 0.022842