0 0.086400 0.490055 0.020000 0.020000
0 0.084559 0.512782 0.020000 0.020000
0 0.113971 0.532673 0.020000 0.020000
0 0.110294 0.555400 0.020000 0.020000
0 0.090071 0.660509 0.020000 0.020000
0 0.082718 0.680400 0.020000 0.020000
0 0.689341 0.143464 0.020000 0.020000
0 0.693012 0.163355 0.020000 0.020000
0 0.693012 0.201705 0.020000 0.020000
1 0.910847 0.448864 0.080659 0.022836
1 0.806068 0.444602 0.065959 0.022841
1 0.431065 0.442470 0.216694 0.024259
1 0.284006 0.191761 0.293894 0.022841
1 0.448529 0.166191 0.100882 0.020000
1 0.311579 0.166191 0.076982 0.020000
1 0.356618 0.134941 0.431765 0.025682
1 0.352021 0.110795 0.422571 0.022845
1 0.292282 0.768466 0.387647 0.022841
1 0.595588 0.767045 0.119271 0.020000
1 0.590074 0.801845 0.126618 0.021418
1 0.590994 0.831675 0.113753 0.021423
1 0.595588 0.862216 0.133976 0.022841
1 0.784006 0.867900 0.073306 0.020000
1 0.907168 0.869318 0.091688 0.022836
1 0.295959 0.800427 0.395000 0.021418
1 0.303309 0.827416 0.398676 0.021423
1 0.323529 0.861507 0.361906 0.021423
1 0.905332 0.912643 0.084335 0.021423