0 0.075365 0.666191 0.020000 0.020000
0 0.077206 0.700282 0.020000 0.020000
0 0.069853 0.896309 0.020000 0.020000
0 0.069853 0.911932 0.020000 0.020000
0 0.553306 0.669036 0.020000 0.020000
0 0.479776 0.571023 0.020000 0.020000
0 0.130518 0.566764 0.020000 0.020000
0 0.126835 0.465909 0.020000 0.020000
0 0.297794 0.436082 0.020000 0.020000
0 0.459559 0.434659 0.020000 0.020000
0 0.568012 0.437500 0.020000 0.020000
1 0.506435 0.794743 0.889482 0.024259
1 0.295953 0.727273 0.372941 0.020000
1 0.238971 0.635655 0.350882 0.021418
1 0.670953 0.637073 0.505294 0.021418
1 0.753676 0.571734 0.067800 0.021423
1 0.847424 0.572445 0.093529 0.020000
1 0.663603 0.573864 0.067794 0.020000
1 0.207721 0.536932 0.288382 0.025682
1 0.407168 0.537643 0.110076 0.021423
1 0.510112 0.535511 0.084341 0.022841
1 0.637868 0.535509 0.178088 0.020000
1 0.840991 0.535514 0.213018 0.025682
1 0.178306 0.226564 0.270000 0.021418
1 0.481618 0.226561 0.321471 0.027105
1 0.810665 0.225141 0.336176 0.024264
1 0.504597 0.281250 0.933606 0.022845
1 0.183824 0.189630 0.288376 0.021423
1 0.472426 0.187500 0.273676 0.022836
1 0.741729 0.188209 0.271835 0.021418
2 0.704965 0.872870 0.498165 0.100850