0 0.422588 0.151992 0.020000 0.020000
0 0.423685 0.217333 0.020000 0.020000
0 0.421485 0.281247 0.020000 0.020000
0 0.421485 0.363639 0.020000 0.020000
0 0.423685 0.421875 0.020000 0.020000
0 0.424782 0.480110 0.020000 0.020000
0 0.422588 0.539773 0.020000 0.020000
0 0.425879 0.627843 0.020000 0.020000
0 0.422588 0.683239 0.020000 0.020000
0 0.420388 0.741475 0.020000 0.020000
0 0.421485 0.798298 0.020000 0.020000
0 0.465394 0.791192 0.020000 0.020000
0 0.461000 0.738635 0.020000 0.020000
0 0.462097 0.683239 0.020000 0.020000
0 0.462097 0.626424 0.020000 0.020000
0 0.462097 0.539773 0.020000 0.020000
0 0.465394 0.470173 0.020000 0.020000
0 0.462097 0.424714 0.020000 0.020000
0 0.468685 0.362220 0.020000 0.020000
0 0.470879 0.278408 0.020000 0.020000
0 0.485152 0.282667 0.020000 0.020000
0 0.519176 0.281247 0.020000 0.020000
0 0.518079 0.215906 0.020000 0.020000
0 0.491733 0.218753 0.020000 0.020000
0 0.461000 0.218753 0.020000 0.020000
0 0.462097 0.151992 0.020000 0.020000
0 0.486248 0.149145 0.020000 0.020000
0 0.513691 0.144886 0.020000 0.020000
0 0.491733 0.360792 0.020000 0.020000
0 0.519176 0.362220 0.020000 0.020000
0 0.516982 0.417616 0.020000 0.020000
0 0.490636 0.416196 0.020000 0.020000
0 0.489539 0.477271 0.020000 0.020000
0 0.514788 0.468753 0.020000 0.020000
0 0.518079 0.542612 0.020000 0.020000
0 0.489539 0.541192 0.020000 0.020000
0 0.482958 0.622157 0.020000 0.020000
0 0.514788 0.633522 0.020000 0.020000
0 0.513691 0.687498 0.020000 0.020000
0 0.496127 0.680400 0.020000 0.020000
0 0.491733 0.737216 0.020000 0.020000
0 0.513691 0.747161 0.020000 0.020000
0 0.519176 0.796878 0.020000 0.020000
0 0.493933 0.798298 0.020000 0.020000
1 0.257942 0.781957 0.254891 0.021420
1 0.261236 0.519886 0.246109 0.022847
1 0.260685 0.273439 0.249406 0.021420
2 0.720588 0.794031 0.376485 0.051137
2 0.718942 0.740055 0.379776 0.056816
2 0.720042 0.682529 0.381976 0.058235
2 0.721139 0.626424 0.379782 0.053976
2 0.718942 0.539063 0.381970 0.063914
2 0.718942 0.476565 0.381970 0.061082
2 0.718945 0.419745 0.384170 0.055396
2 0.718394 0.367898 0.383067 0.048298
2 0.721688 0.280541 0.387461 0.046871
2 0.719494 0.219463 0.383073 0.075286
2 0.720042 0.148439 0.384170 0.069600