0 0.897855 0.288353 0.020000 0.020000
0 0.805655 0.288353 0.020000 0.020000
0 0.805655 0.326706 0.020000 0.020000
0 0.894564 0.328124 0.020000 0.020000
0 0.891273 0.394888 0.020000 0.020000
0 0.890173 0.417612 0.020000 0.020000
0 0.892368 0.443182 0.020000 0.020000
0 0.890173 0.467329 0.020000 0.020000
0 0.938468 0.464488 0.020000 0.020000
0 0.936273 0.437500 0.020000 0.020000
0 0.935177 0.393465 0.020000 0.020000
0 0.935177 0.417612 0.020000 0.020000
0 0.936273 0.605112 0.020000 0.020000
0 0.937373 0.629259 0.020000 0.020000
0 0.891273 0.630682 0.020000 0.020000
0 0.892368 0.603694 0.020000 0.020000
0 0.845173 0.730112 0.020000 0.020000
0 0.746386 0.535512 0.020000 0.020000
0 0.745286 0.509941 0.020000 0.020000
0 0.745286 0.487218 0.020000 0.020000
0 0.696991 0.488635 0.020000 0.020000
0 0.694795 0.461647 0.020000 0.020000
0 0.656377 0.464488 0.020000 0.020000
0 0.655282 0.485794 0.020000 0.020000
0 0.655282 0.417612 0.020000 0.020000
0 0.695895 0.419035 0.020000 0.020000
0 0.694795 0.514206 0.020000 0.020000
0 0.694795 0.536929 0.020000 0.020000
0 0.136105 0.580965 0.020000 0.020000
0 0.135009 0.607953 0.020000 0.020000
0 0.137205 0.653412 0.020000 0.020000
0 0.137205 0.674718 0.020000 0.020000
0 0.136105 0.697441 0.020000 0.020000
1 0.750775 0.664062 0.153914 0.024265
1 0.754068 0.687500 0.149518 0.020000
1 0.748580 0.711650 0.149523 0.022841
2 0.102080 0.927556 0.162450 0.025571
2 0.214036 0.923297 0.063664 0.019888
2 0.284284 0.922585 0.072441 0.024147
2 0.352886 0.926135 0.058173 0.022729
2 0.399534 0.921165 0.043905 0.024153
2 0.451673 0.924003 0.058173 0.029829
2 0.508750 0.922585 0.062564 0.026994
2 0.563630 0.924718 0.058177 0.022729
2 0.621255 0.925426 0.065855 0.024147
2 0.687114 0.924006 0.072445 0.018471
2 0.752970 0.924715 0.057077 0.031253
2 0.801814 0.924715 0.047200 0.019888
2 0.858341 0.928976 0.070245 0.025565
2 0.937920 0.925426 0.086714 0.018465
2 0.940116 0.948865 0.086714 0.022729
2 0.105370 0.948156 0.153668 0.024147
2 0.214586 0.948865 0.058173 0.017047
2 0.285382 0.946024 0.068055 0.025565
2 0.350691 0.946024 0.064764 0.022729
2 0.402280 0.944603 0.038414 0.025571
2 0.451673 0.946732 0.055982 0.024147
2 0.508750 0.949574 0.058173 0.024147
2 0.564727 0.949574 0.053782 0.021312
2 0.622355 0.949574 0.059273 0.024147
2 0.685468 0.949574 0.066955 0.021312
2 0.748030 0.950282 0.051586 0.022729
2 0.801266 0.948862 0.048295 0.019888
2 0.859986 0.949574 0.071345 0.018465
2 0.510393 0.362218 0.048295 0.036929
2 0.665159 0.360085 0.265627 0.041194
2 0.839684 0.362215 0.090005 0.045453
2 0.929689 0.360797 0.094395 0.034088
2 0.746384 0.317474 0.100977 0.035512
2 0.746932 0.276988 0.099882 0.042612
2 0.537836 0.276988 0.316118 0.039776
2 0.356727 0.276988 0.046100 0.036929
2 0.183302 0.278409 0.311723 0.036935
2 0.180559 0.318891 0.312827 0.041194
2 0.251905 0.364347 0.455518 0.046871
2 0.357277 0.316050 0.051591 0.035512
2 0.538386 0.321024 0.315018 0.042612
2 0.141593 0.404118 0.226114 0.049718
2 0.142141 0.451706 0.227209 0.042612
2 0.348495 0.407671 0.187691 0.045459
2 0.350691 0.453124 0.183300 0.042612