0 0.198919 0.330964 0.020000 0.020000
0 0.261202 0.329544 0.020000 0.020000
0 0.313444 0.329544 0.020000 0.020000
0 0.421944 0.436078 0.020000 0.020000
0 0.474185 0.433238 0.020000 0.020000
0 0.502315 0.332389 0.020000 0.020000
0 0.520395 0.330964 0.020000 0.020000
0 0.594742 0.330964 0.020000 0.020000
0 0.614831 0.329544 0.020000 0.020000
0 0.779589 0.330964 0.020000 0.020000
0 0.795661 0.330964 0.020000 0.020000
0 0.833839 0.335228 0.020000 0.020000
0 0.853935 0.330964 0.020000 0.020000
0 0.898137 0.330964 0.020000 0.020000
0 0.912202 0.330964 0.020000 0.020000
0 0.936315 0.332389 0.020000 0.020000
0 0.946363 0.332389 0.020000 0.020000
0 0.239105 0.484373 0.020000 0.020000
0 0.299379 0.484373 0.020000 0.020000
0 0.210976 0.650570 0.020000 0.020000
0 0.351621 0.647725 0.020000 0.020000
0 0.371710 0.649151 0.020000 0.020000
0 0.425960 0.651990 0.020000 0.020000
0 0.446056 0.646306 0.020000 0.020000
0 0.476194 0.647725 0.020000 0.020000
0 0.500306 0.649151 0.020000 0.020000
0 0.202935 0.718751 0.020000 0.020000
0 0.333540 0.718751 0.020000 0.020000
0 0.484234 0.721591 0.020000 0.020000
0 0.596750 0.721591 0.020000 0.020000
0 0.689177 0.721591 0.020000 0.020000
0 0.239105 0.887782 0.020000 0.020000
0 0.297371 0.887782 0.020000 0.020000
0 0.200927 0.933238 0.020000 0.020000
0 0.257185 0.930399 0.020000 0.020000
0 0.313444 0.936078 0.020000 0.020000
0 0.375734 0.936078 0.020000 0.020000
0 0.440024 0.911933 0.020000 0.020000
0 0.500306 0.911933 0.020000 0.020000
0 0.438016 0.890627 0.020000 0.020000
0 0.456105 0.892047 0.020000 0.020000
0 0.500306 0.890627 0.020000 0.020000
0 0.518387 0.892047 0.020000 0.020000
0 0.562589 0.890627 0.020000 0.020000
0 0.580677 0.892047 0.020000 0.020000
0 0.697210 0.934658 0.020000 0.020000
0 0.711274 0.937503 0.020000 0.020000
0 0.757492 0.936078 0.020000 0.020000
0 0.785621 0.934658 0.020000 0.020000
0 0.821782 0.936078 0.020000 0.020000
0 0.839871 0.936078 0.020000 0.020000
0 0.857952 0.934658 0.020000 0.020000
0 0.872016 0.930399 0.020000 0.020000
0 0.757492 0.889202 0.020000 0.020000
0 0.803702 0.890627 0.020000 0.020000
0 0.759500 0.914772 0.020000 0.020000
0 0.797677 0.916192 0.020000 0.020000
0 0.200927 0.247161 0.020000 0.020000
0 0.219008 0.244316 0.020000 0.020000
0 0.235081 0.242896 0.020000 0.020000
0 0.261202 0.245741 0.020000 0.020000
0 0.275266 0.244316 0.020000 0.020000
0 0.299379 0.242896 0.020000 0.020000
0 0.315452 0.242896 0.020000 0.020000
0 0.333540 0.242896 0.020000 0.020000
0 0.355637 0.242896 0.020000 0.020000
0 0.379750 0.244316 0.020000 0.020000
0 0.397831 0.244316 0.020000 0.020000
0 0.417927 0.245741 0.020000 0.020000
0 0.444048 0.247161 0.020000 0.020000
0 0.194895 0.384943 0.020000 0.020000
0 0.212984 0.384943 0.020000 0.020000
0 0.237089 0.386363 0.020000 0.020000
0 0.255177 0.384943 0.020000 0.020000
0 0.277274 0.386363 0.020000 0.020000
0 0.305403 0.383523 0.020000 0.020000
0 0.291339 0.383523 0.020000 0.020000
0 0.323492 0.382104 0.020000 0.020000
0 0.333540 0.382104 0.020000 0.020000
0 0.359653 0.383523 0.020000 0.020000
0 0.377742 0.383523 0.020000 0.020000
0 0.393815 0.384943 0.020000 0.020000
0 0.419935 0.383523 0.020000 0.020000
0 0.438016 0.383523 0.020000 0.020000
0 0.458113 0.382104 0.020000 0.020000
0 0.474185 0.383523 0.020000 0.020000
2 0.938323 0.889205 0.056258 0.014202
2 0.575653 0.174005 0.773565 0.012788
2 0.579669 0.204547 0.765532 0.025570
2 0.779593 0.240767 0.365685 0.015627
2 0.856948 0.354404 0.210976 0.015627
2 0.578665 0.299715 0.783605 0.019886
2 0.313444 0.353694 0.241113 0.019886
2 0.395823 0.406249 0.405871 0.017047
2 0.858956 0.411223 0.219008 0.015627
2 0.816762 0.431109 0.299379 0.012788
2 0.581677 0.456676 0.769548 0.021311
2 0.618851 0.486508 0.216992 0.018466
2 0.907177 0.487218 0.114532 0.017047
2 0.909185 0.519176 0.118548 0.024145
2 0.491262 0.522728 0.488250 0.028409
2 0.349613 0.576705 0.325500 0.017047
2 0.352625 0.615057 0.315460 0.036933
2 0.349613 0.693894 0.321484 0.026990
2 0.352625 0.762075 0.323492 0.032668
2 0.350613 0.806819 0.315452 0.036933
2 0.352625 0.850140 0.307411 0.038352
2 0.818770 0.850143 0.291347 0.035507
2 0.819778 0.802554 0.281298 0.019886
2 0.815758 0.762785 0.289339 0.034088
2 0.816762 0.691052 0.287331 0.024145
2 0.818770 0.659091 0.295363 0.022731
2 0.811742 0.613635 0.301387 0.028409
2 0.818770 0.581676 0.291347 0.015621