2 0.383274 0.116477 0.656253 0.031245
2 0.832724 0.120030 0.227941 0.026986
2 0.199447 0.149859 0.295953 0.026991
2 0.581803 0.151986 0.476100 0.028409
2 0.433824 0.181818 0.768376 0.025564
2 0.883274 0.151989 0.126841 0.025568
2 0.886950 0.181818 0.134194 0.025564
2 0.889706 0.214486 0.125000 0.028409
2 0.683824 0.210227 0.261035 0.031255
2 0.481618 0.210227 0.136035 0.031255
2 0.223344 0.213068 0.178312 0.025573
2 0.115809 0.363636 0.121324 0.036927
2 0.557903 0.364348 0.770218 0.029832
2 0.380515 0.425427 0.672794 0.035509
2 0.830882 0.424005 0.235294 0.026991
2 0.496324 0.681818 0.900741 0.474436