0 0.174806 0.113637 0.020000 0.020000
0 0.198919 0.110798 0.020000 0.020000
0 0.237089 0.109373 0.020000 0.020000
0 0.259194 0.110798 0.020000 0.020000
0 0.299379 0.110798 0.020000 0.020000
0 0.317460 0.109373 0.020000 0.020000
0 0.335548 0.109373 0.020000 0.020000
0 0.361669 0.109373 0.020000 0.020000
0 0.436008 0.107953 0.020000 0.020000
0 0.462129 0.109373 0.020000 0.020000
0 0.490258 0.105114 0.020000 0.020000
0 0.524419 0.109373 0.020000 0.020000
0 0.500306 0.129259 0.020000 0.020000
0 0.421944 0.134943 0.020000 0.020000
0 0.289331 0.150570 0.020000 0.020000
0 0.502315 0.150570 0.020000 0.020000
0 0.630903 0.130684 0.020000 0.020000
0 0.636935 0.150570 0.020000 0.020000
0 0.642960 0.167611 0.020000 0.020000
0 0.638944 0.193181 0.020000 0.020000
0 0.642960 0.221591 0.020000 0.020000
0 0.640952 0.241477 0.020000 0.020000
0 0.640952 0.261363 0.020000 0.020000
0 0.640952 0.285513 0.020000 0.020000
0 0.644968 0.303979 0.020000 0.020000
0 0.634927 0.330964 0.020000 0.020000
0 0.874024 0.308238 0.020000 0.020000
0 0.896129 0.306819 0.020000 0.020000
0 0.896129 0.286933 0.020000 0.020000
0 0.874024 0.284094 0.020000 0.020000
0 0.876032 0.262782 0.020000 0.020000
0 0.896129 0.259943 0.020000 0.020000
0 0.892113 0.235798 0.020000 0.020000
0 0.880056 0.235798 0.020000 0.020000
0 0.878048 0.221591 0.020000 0.020000
0 0.898137 0.217332 0.020000 0.020000
0 0.880056 0.194601 0.020000 0.020000
0 0.902153 0.194601 0.020000 0.020000
0 0.878048 0.171876 0.020000 0.020000
0 0.896129 0.170456 0.020000 0.020000
0 0.896129 0.149151 0.020000 0.020000
0 0.878048 0.149151 0.020000 0.020000
0 0.878048 0.130684 0.020000 0.020000
0 0.896129 0.132104 0.020000 0.020000
0 0.938323 0.132104 0.020000 0.020000
0 0.950379 0.129259 0.020000 0.020000
0 0.960427 0.151990 0.020000 0.020000
0 0.934306 0.147725 0.020000 0.020000
0 0.940331 0.169036 0.020000 0.020000
0 0.950379 0.171876 0.020000 0.020000
0 0.958411 0.201705 0.020000 0.020000
0 0.936315 0.198865 0.020000 0.020000
0 0.936315 0.215906 0.020000 0.020000
0 0.952387 0.217332 0.020000 0.020000
0 0.962435 0.237218 0.020000 0.020000
0 0.942339 0.240057 0.020000 0.020000
0 0.934306 0.259943 0.020000 0.020000
0 0.950379 0.262782 0.020000 0.020000
0 0.958411 0.286933 0.020000 0.020000
0 0.936315 0.288352 0.020000 0.020000
0 0.928274 0.303979 0.020000 0.020000
0 0.954395 0.308238 0.020000 0.020000
0 0.498298 0.889202 0.020000 0.020000
0 0.522403 0.890627 0.020000 0.020000
0 0.554556 0.890627 0.020000 0.020000
0 0.580677 0.887782 0.020000 0.020000
0 0.618855 0.887782 0.020000 0.020000
0 0.638944 0.890627 0.020000 0.020000
0 0.659032 0.890627 0.020000 0.020000
0 0.673097 0.890627 0.020000 0.020000
0 0.757492 0.889202 0.020000 0.020000
0 0.779589 0.890627 0.020000 0.020000
0 0.817766 0.889202 0.020000 0.020000
0 0.845895 0.889202 0.020000 0.020000
1 0.593734 0.840197 0.749355 0.021420
1 0.316456 0.867189 0.206863 0.027104
1 0.757488 0.865767 0.433911 0.021420
1 0.328512 0.899148 0.182750 0.022845
2 0.752468 0.502129 0.198919 0.052560
2 0.809730 0.421876 0.321476 0.014208
2 0.312440 0.421873 0.210976 0.011363
2 0.314452 0.456676 0.202935 0.018461
2 0.185855 0.499290 0.194903 0.044031
2 0.808726 0.362215 0.315452 0.034088
2 0.479206 0.371448 0.130605 0.012782
2 0.484230 0.349430 0.140653 0.017047
2 0.483226 0.331676 0.146677 0.012782
2 0.482222 0.305396 0.144669 0.011363
2 0.482222 0.282671 0.144669 0.014202
2 0.480210 0.259943 0.132613 0.011368
2 0.478202 0.236505 0.136629 0.015621
2 0.481218 0.218039 0.146677 0.015621
2 0.481218 0.193184 0.142661 0.008523
2 0.480214 0.174715 0.128589 0.019886