0 0.056988 0.617900 0.020000 0.020000
0 0.056988 0.803977 0.020000 0.020000
0 0.341912 0.433236 0.020000 0.020000
0 0.437500 0.427555 0.020000 0.020000
0 0.636029 0.453127 0.020000 0.020000
0 0.705882 0.453127 0.020000 0.020000
0 0.845588 0.426136 0.020000 0.020000
0 0.919118 0.427555 0.020000 0.020000
0 0.830882 0.221591 0.020000 0.020000
0 0.928306 0.221591 0.020000 0.020000
0 0.764706 0.288355 0.020000 0.020000
0 0.821694 0.343750 0.020000 0.020000
0 0.904412 0.342327 0.020000 0.020000
0 0.606618 0.340909 0.020000 0.020000
0 0.518382 0.338068 0.020000 0.020000
0 0.283088 0.336645 0.020000 0.020000
0 0.205882 0.339491 0.020000 0.020000
0 0.262871 0.599432 0.020000 0.020000
0 0.347424 0.600855 0.020000 0.020000
0 0.424635 0.599432 0.020000 0.020000
0 0.408088 0.553977 0.020000 0.020000
0 0.479776 0.556818 0.020000 0.020000
0 0.715071 0.579545 0.020000 0.020000
0 0.805147 0.580964 0.020000 0.020000
0 0.876835 0.559659 0.020000 0.020000
0 0.944853 0.561082 0.020000 0.020000
0 0.702206 0.596591 0.020000 0.020000
0 0.316176 0.627841 0.020000 0.020000
0 0.397059 0.622159 0.020000 0.020000
0 0.419118 0.741477 0.020000 0.020000
0 0.477941 0.747159 0.020000 0.020000
0 0.869482 0.744318 0.020000 0.020000
0 0.941176 0.745736 0.020000 0.020000
0 0.829047 0.765627 0.020000 0.020000
0 0.722424 0.764205 0.020000 0.020000
0 0.707718 0.782673 0.020000 0.020000
0 0.426471 0.784091 0.020000 0.020000
0 0.397059 0.805400 0.020000 0.020000
0 0.318012 0.806818 0.020000 0.020000
0 0.354776 0.784091 0.020000 0.020000
0 0.272059 0.782673 0.020000 0.020000
2 0.270224 0.176845 0.441176 0.024145
2 0.710476 0.181109 0.435659 0.035509
2 0.943015 0.178266 0.033088 0.032668
2 0.403494 0.217327 0.707718 0.022727
2 0.301471 0.258523 0.511035 0.028409
2 0.594671 0.259234 0.075365 0.021305
2 0.795956 0.257811 0.327206 0.024150
2 0.227024 0.300425 0.351106 0.038350
2 0.579044 0.297586 0.349265 0.029827
2 0.260109 0.362925 0.174629 0.026986
2 0.562500 0.367900 0.191176 0.022727
2 0.863971 0.364345 0.187494 0.021309
2 0.191176 0.404120 0.305153 0.026986
2 0.504594 0.404827 0.299635 0.022727
2 0.804226 0.401280 0.306982 0.021305
2 0.605700 0.509945 0.696694 0.022727
2 0.257353 0.539061 0.176471 0.026986
2 0.573529 0.535511 0.161765 0.031250
2 0.552388 0.654830 0.792282 0.036932
2 0.259191 0.722302 0.180147 0.029832
2 0.573529 0.723011 0.161765 0.025568
2 0.611215 0.688920 0.696688 0.025568
2 0.552391 0.839489 0.788606 0.036932
2 0.879594 0.944602 0.141541 0.025568
2 0.511950 0.948864 0.483453 0.025564