0 0.606566 0.100852 0.020000 0.020000
0 0.713470 0.102274 0.020000 0.020000
0 0.195216 0.071022 0.020000 0.020000
0 0.218459 0.068184 0.020000 0.020000
0 0.244021 0.066762 0.020000 0.020000
0 0.285855 0.071022 0.020000 0.020000
0 0.269582 0.069601 0.020000 0.020000
0 0.318386 0.069601 0.020000 0.020000
0 0.334659 0.071022 0.020000 0.020000
0 0.369516 0.069601 0.020000 0.020000
1 0.640264 0.139206 0.264021 0.020000
1 0.643749 0.151987 0.266339 0.020000
1 0.641423 0.165484 0.270990 0.024260
1 0.650719 0.180397 0.275642 0.022839
1 0.643745 0.194603 0.261695 0.025682
1 0.646071 0.212357 0.247755 0.021422
1 0.636775 0.227984 0.280286 0.021422
1 0.643749 0.242188 0.270990 0.027103
1 0.647234 0.254262 0.254718 0.022839
1 0.643749 0.272016 0.270990 0.021422
1 0.600756 0.299715 0.171064 0.025682
1 0.603078 0.318892 0.161768 0.024260
1 0.651882 0.338070 0.250073 0.025682
1 0.643749 0.362926 0.257051 0.027099
1 0.641427 0.387074 0.261695 0.029942
1 0.651882 0.409800 0.231482 0.021422
1 0.640264 0.436789 0.264021 0.027103
1 0.639101 0.458096 0.266346 0.027099
1 0.646075 0.478695 0.252399 0.020000
1 0.639101 0.495738 0.261695 0.022839
1 0.655367 0.516334 0.243103 0.021422
1 0.643749 0.537641 0.270990 0.024260
1 0.529875 0.637783 0.545224 0.025682
1 0.497337 0.656962 0.619589 0.021422
1 0.561247 0.673296 0.496420 0.022843
2 0.224266 0.738637 0.276559 0.048296
2 0.619347 0.735085 0.285855 0.049713