0 0.071694 0.186082 0.020000 0.020000
0 0.128676 0.186082 0.020000 0.020000
0 0.066176 0.279827 0.020000 0.020000
0 0.147059 0.276991 0.020000 0.020000
0 0.066176 0.303977 0.020000 0.020000
0 0.071694 0.319600 0.020000 0.020000
0 0.073529 0.335227 0.020000 0.020000
0 0.071694 0.350855 0.020000 0.020000
0 0.068012 0.448864 0.020000 0.020000
0 0.106618 0.461645 0.020000 0.020000
0 0.176471 0.465909 0.020000 0.020000
0 0.242647 0.461645 0.020000 0.020000
0 0.064341 0.473009 0.020000 0.020000
0 0.248165 0.497159 0.020000 0.020000
0 0.178306 0.490055 0.020000 0.020000
0 0.112129 0.488636 0.020000 0.020000
0 0.071694 0.666191 0.020000 0.020000
0 0.136029 0.667614 0.020000 0.020000
0 0.068012 0.917614 0.020000 0.020000
0 0.073529 0.872159 0.020000 0.020000
2 0.500000 0.691050 0.897059 0.095173
2 0.504594 0.844459 0.902576 0.211645
2 0.498162 0.197445 0.908088 0.079545
2 0.492647 0.100141 0.897059 0.072445
2 0.500000 0.450286 0.908094 0.380682