0 0.393950 0.634942 0.020000 0.020000
0 0.430127 0.634942 0.020000 0.020000
0 0.454247 0.639205 0.020000 0.020000
0 0.482390 0.637785 0.020000 0.020000
0 0.510526 0.633523 0.020000 0.020000
0 0.540678 0.633523 0.020000 0.020000
0 0.562783 0.634942 0.020000 0.020000
0 0.729613 0.329547 0.020000 0.020000
0 0.830109 0.335229 0.020000 0.020000
0 0.428119 0.282672 0.020000 0.020000
0 0.460278 0.282672 0.020000 0.020000
0 0.484398 0.282672 0.020000 0.020000
0 0.508518 0.285511 0.020000 0.020000
0 0.544694 0.282672 0.020000 0.020000
0 0.564797 0.284091 0.020000 0.020000
0 0.592934 0.284091 0.020000 0.020000
0 0.430127 0.262783 0.020000 0.020000
0 0.458270 0.265626 0.020000 0.020000
0 0.496455 0.264203 0.020000 0.020000
0 0.530623 0.262783 0.020000 0.020000
0 0.556757 0.261364 0.020000 0.020000
0 0.590926 0.262783 0.020000 0.020000
0 0.619062 0.264203 0.020000 0.020000
0 0.657253 0.265626 0.020000 0.020000
0 0.673333 0.265626 0.020000 0.020000
0 0.717550 0.267046 0.020000 0.020000
0 0.757750 0.261364 0.020000 0.020000
1 0.550726 0.144885 0.727502 0.025682
1 0.556754 0.185370 0.723479 0.021419
1 0.503491 0.125002 0.821972 0.020000
1 0.553742 0.204545 0.717453 0.022839
1 0.547710 0.220881 0.737550 0.021419
1 0.567810 0.235795 0.693333 0.022843
1 0.568814 0.254263 0.699359 0.020000
1 0.507514 0.377839 0.793829 0.025682
1 0.509522 0.389914 0.797846 0.021419
1 0.505502 0.403410 0.805886 0.022843
1 0.363799 0.453835 0.417967 0.021419
1 0.706497 0.458095 0.130551 0.024263
1 0.516555 0.602272 0.819958 0.028521
1 0.552734 0.622871 0.739564 0.024263
1 0.355762 0.681819 0.341591 0.025682
1 0.342695 0.701706 0.359679 0.020000
1 0.548714 0.723722 0.739558 0.021424
1 0.746694 0.681109 0.311440 0.024263
1 0.757750 0.703835 0.329534 0.021419
1 0.589918 0.769177 0.138590 0.024263
1 0.500478 0.754260 0.811918 0.025682
1 0.374855 0.817471 0.411936 0.021424
1 0.706497 0.816761 0.134567 0.022843