0 0.750854 0.088067 0.020000 0.020000
0 0.797035 0.089487 0.020000 0.020000
0 0.809081 0.093751 0.020000 0.020000
0 0.855254 0.098010 0.020000 0.020000
0 0.891394 0.098010 0.020000 0.020000
0 0.931547 0.096591 0.020000 0.020000
0 0.927526 0.117896 0.020000 0.020000
0 0.889380 0.116477 0.020000 0.020000
0 0.867301 0.116477 0.020000 0.020000
0 0.827147 0.119316 0.020000 0.020000
0 0.799041 0.119316 0.020000 0.020000
0 0.748848 0.116477 0.020000 0.020000
0 0.813094 0.137782 0.020000 0.020000
0 0.849226 0.146306 0.020000 0.020000
0 0.881354 0.149151 0.020000 0.020000
0 0.929533 0.144886 0.020000 0.020000
0 0.923513 0.173295 0.020000 0.020000
0 0.883360 0.174715 0.020000 0.020000
0 0.879347 0.272725 0.020000 0.020000
0 0.929533 0.268466 0.020000 0.020000
0 0.825141 0.325285 0.020000 0.020000
0 0.843207 0.328124 0.020000 0.020000
0 0.879347 0.326705 0.020000 0.020000
0 0.933554 0.325285 0.020000 0.020000
0 0.873320 0.508523 0.020000 0.020000
0 0.778961 0.518466 0.020000 0.020000
0 0.672554 0.515627 0.020000 0.020000
0 0.574182 0.518466 0.020000 0.020000
0 0.423610 0.515627 0.020000 0.020000
0 0.327244 0.561078 0.020000 0.020000
0 0.238912 0.559658 0.020000 0.020000
0 0.459750 0.582389 0.020000 0.020000
0 0.526003 0.585228 0.020000 0.020000
0 0.564150 0.828124 0.020000 0.020000
0 0.483844 0.832389 0.020000 0.020000
0 0.198759 0.387782 0.020000 0.020000
0 0.228872 0.397725 0.020000 0.020000
0 0.260991 0.399151 0.020000 0.020000
0 0.297131 0.406249 0.020000 0.020000
0 0.343304 0.397725 0.020000 0.020000
0 0.377438 0.394886 0.020000 0.020000
0 0.407550 0.399151 0.020000 0.020000
0 0.441676 0.404829 0.020000 0.020000
0 0.483844 0.400570 0.020000 0.020000
0 0.528010 0.404829 0.020000 0.020000
0 0.112425 0.419036 0.020000 0.020000
0 0.116446 0.447446 0.020000 0.020000
0 0.295125 0.446021 0.020000 0.020000
0 0.291104 0.420456 0.020000 0.020000
0 0.347325 0.488637 0.020000 0.020000
0 0.411563 0.491477 0.020000 0.020000
0 0.365391 0.916192 0.020000 0.020000
0 0.431644 0.920456 0.020000 0.020000
0 0.473803 0.946021 0.020000 0.020000
0 0.311185 0.948865 0.020000 0.020000
1 0.645455 0.924005 0.186640 0.021420
1 0.888380 0.924715 0.122385 0.022839
1 0.852240 0.882814 0.190653 0.021420
1 0.446696 0.880684 0.548010 0.020000
1 0.870310 0.838067 0.166551 0.022839
1 0.277055 0.813210 0.188646 0.021425
1 0.592252 0.812497 0.168566 0.020000
1 0.840193 0.813210 0.198678 0.024265
1 0.544069 0.794743 0.819033 0.027104
1 0.279061 0.754262 0.204698 0.022845
1 0.582212 0.751420 0.168566 0.020000
1 0.855254 0.754971 0.232812 0.024265
1 0.556112 0.733663 0.794948 0.021420
1 0.542059 0.714490 0.819041 0.025684
1 0.810085 0.588777 0.266938 0.021420
1 0.631402 0.495738 0.238840 0.022845
1 0.571172 0.375000 0.736720 0.025678
1 0.853243 0.353694 0.196672 0.020000
1 0.622365 0.350852 0.220766 0.022845
1 0.373421 0.351562 0.192659 0.021425
1 0.390488 0.328834 0.375351 0.021420
1 0.676575 0.330257 0.104319 0.024265
1 0.580210 0.304686 0.758807 0.024265
2 0.901426 0.947443 0.084319 0.017041
2 0.328247 0.613635 0.459750 0.025570
2 0.754871 0.612925 0.389484 0.026990
2 0.751857 0.640624 0.379444 0.025570
2 0.330254 0.639914 0.463763 0.026990
2 0.521986 0.668324 0.863280 0.024151
2 0.804061 0.557529 0.283078 0.018466
2 0.806068 0.536933 0.291104 0.017047
2 0.412571 0.536223 0.279065 0.024145
2 0.697655 0.463780 0.499903 0.012782
2 0.826144 0.440342 0.242925 0.019886
2 0.803054 0.416901 0.260999 0.018466
2 0.785987 0.392047 0.118453 0.017047
2 0.641438 0.394176 0.086326 0.021306
2 0.464766 0.141337 0.170645 0.015627
2 0.292111 0.204544 0.383465 0.019886
2 0.292111 0.225852 0.383465 0.022731
2 0.289098 0.249290 0.377438 0.024145
2 0.380447 0.272015 0.210806 0.015627
2 0.174666 0.273438 0.024093 0.021311
2 0.149569 0.272015 0.026100 0.021306
2 0.702675 0.201705 0.216825 0.022725
2 0.900427 0.203837 0.066253 0.012782
2 0.803054 0.225852 0.289106 0.022731
2 0.804061 0.247161 0.287091 0.019886
2 0.570169 0.236505 0.180693 0.041197
2 0.423610 0.176135 0.116438 0.019886