1 0.462318 0.723009 0.389482 0.020000
1 0.819853 0.715909 0.255294 0.022836
1 0.889706 0.327414 0.133976 0.024264
1 0.895224 0.296875 0.137647 0.022841
1 0.890626 0.264205 0.143159 0.025682
1 0.883271 0.214491 0.165224 0.020000
1 0.876838 0.186082 0.156029 0.020000
1 0.880515 0.158382 0.163382 0.021418
1 0.707721 0.156961 0.163382 0.021423
1 0.703126 0.186080 0.150512 0.022841
1 0.704965 0.215200 0.154188 0.021418
1 0.542282 0.214489 0.137647 0.022841
1 0.547794 0.188209 0.156035 0.021418
1 0.545035 0.160511 0.154188 0.022841
2 0.646138 0.054689 0.299629 0.046877
2 0.877756 0.051848 0.159924 0.052559