0 0.112182 0.143467 0.020000 0.020000
0 0.616088 0.132104 0.020000 0.020000
0 0.746665 0.126420 0.020000 0.020000
0 0.840453 0.129259 0.020000 0.020000
0 0.680459 0.124998 0.020000 0.020000
0 0.110347 0.309659 0.020000 0.020000
0 0.182071 0.315343 0.020000 0.020000
0 0.822065 0.734375 0.020000 0.020000
0 0.897465 0.738637 0.020000 0.020000
0 0.897465 0.764203 0.020000 0.020000
0 0.825741 0.764203 0.020000 0.020000
0 0.827582 0.811081 0.020000 0.020000
0 0.901147 0.809659 0.020000 0.020000
1 0.379768 0.193183 0.216782 0.025684
1 0.522297 0.240057 0.847582 0.022840
1 0.522297 0.287642 0.843900 0.021418
1 0.661147 0.329546 0.558847 0.025679
1 0.526894 0.374289 0.856776 0.024262
1 0.517700 0.422585 0.849424 0.024262
1 0.735629 0.482244 0.420918 0.021418
1 0.668503 0.512783 0.551488 0.022840
1 0.862526 0.561079 0.178159 0.022840
1 0.516779 0.530538 0.843900 0.021422
1 0.518618 0.574573 0.851259 0.021422
1 0.523215 0.602985 0.853100 0.024262
1 0.741147 0.622869 0.420918 0.024257
1 0.521376 0.648437 0.849424 0.021418