0 0.075365 0.384945 0.020000 0.020000
0 0.069853 0.369318 0.020000 0.020000
0 0.071694 0.353691 0.020000 0.020000
0 0.069853 0.329545 0.020000 0.020000
0 0.128676 0.330964 0.020000 0.020000
0 0.202206 0.178977 0.020000 0.020000
0 0.178306 0.178977 0.020000 0.020000
0 0.125000 0.180400 0.020000 0.020000
0 0.104776 0.177555 0.020000 0.020000
0 0.062500 0.178977 0.020000 0.020000
0 0.257353 0.174718 0.020000 0.020000
0 0.288600 0.184659 0.020000 0.020000
0 0.318012 0.184659 0.020000 0.020000
0 0.354776 0.183236 0.020000 0.020000
0 0.064341 0.612218 0.020000 0.020000
0 0.137871 0.600855 0.020000 0.020000
0 0.066176 0.661932 0.020000 0.020000
0 0.132353 0.660509 0.020000 0.020000
0 0.187500 0.663355 0.020000 0.020000
0 0.056988 0.139205 0.020000 0.020000
0 0.088235 0.142045 0.020000 0.020000
0 0.132353 0.140627 0.020000 0.020000
0 0.150735 0.140627 0.020000 0.020000
0 0.931988 0.142045 0.020000 0.020000
0 0.900735 0.139205 0.020000 0.020000
0 0.876835 0.139205 0.020000 0.020000
0 0.845588 0.137782 0.020000 0.020000
0 0.825365 0.136364 0.020000 0.020000
0 0.794118 0.136364 0.020000 0.020000
0 0.761029 0.137782 0.020000 0.020000
0 0.729776 0.134945 0.020000 0.020000
0 0.707718 0.134945 0.020000 0.020000
0 0.683824 0.137782 0.020000 0.020000
0 0.656247 0.136364 0.020000 0.020000
0 0.617647 0.139205 0.020000 0.020000
0 0.601106 0.137782 0.020000 0.020000
0 0.569853 0.134945 0.020000 0.020000
0 0.538600 0.139205 0.020000 0.020000
0 0.509188 0.143464 0.020000 0.020000
0 0.479776 0.137782 0.020000 0.020000
0 0.450365 0.134945 0.020000 0.020000
0 0.411765 0.139205 0.020000 0.020000
0 0.380518 0.137782 0.020000 0.020000
0 0.340071 0.134945 0.020000 0.020000
0 0.314341 0.136364 0.020000 0.020000
0 0.286765 0.136364 0.020000 0.020000
0 0.262871 0.137782 0.020000 0.020000
0 0.238971 0.139205 0.020000 0.020000
0 0.209559 0.139205 0.020000 0.020000
0 0.187500 0.136364 0.020000 0.020000
0 0.066176 0.805400 0.020000 0.020000
0 0.134188 0.808236 0.020000 0.020000
1 0.618568 0.365055 0.216688 0.020000
1 0.888788 0.362218 0.124776 0.020000
1 0.890624 0.377841 0.124776 0.020000
1 0.615809 0.377841 0.214853 0.022845
1 0.306988 0.409802 0.225882 0.024259
1 0.616729 0.410509 0.224047 0.020000
1 0.886947 0.406961 0.143165 0.021423
1 0.876838 0.426136 0.156029 0.020000
1 0.615806 0.426136 0.247941 0.022836
1 0.316176 0.427557 0.255294 0.022841
2 0.496324 0.480114 0.900741 0.051136
2 0.507353 0.550425 0.882353 0.041195
2 0.197612 0.706675 0.295953 0.035514
2 0.486215 0.707386 0.299629 0.028409
2 0.796876 0.705966 0.318012 0.031250
2 0.794118 0.739348 0.301471 0.026986
2 0.494485 0.738636 0.290441 0.031255
2 0.197609 0.737216 0.303312 0.025568
2 0.194853 0.767045 0.290435 0.034091
2 0.491726 0.771307 0.299629 0.025568
2 0.790441 0.769886 0.301471 0.022727
2 0.195774 0.882105 0.295959 0.028409
2 0.644303 0.882105 0.601100 0.028409
2 0.647059 0.911932 0.617647 0.028409
2 0.192094 0.912641 0.292282 0.026991
2 0.196688 0.941052 0.286765 0.032668
2 0.648897 0.946023 0.613971 0.025573