0 0.481616 0.801139 0.020000 0.020000
0 0.544118 0.802558 0.020000 0.020000
0 0.117647 0.250000 0.020000 0.020000
0 0.119482 0.262782 0.020000 0.020000
0 0.125004 0.282673 0.020000 0.020000
0 0.123161 0.315339 0.020000 0.020000
0 0.123161 0.329545 0.020000 0.020000
0 0.125004 0.342327 0.020000 0.020000
0 0.119482 0.355115 0.020000 0.020000
0 0.121325 0.375000 0.020000 0.020000
0 0.126839 0.383521 0.020000 0.020000
0 0.126839 0.420455 0.020000 0.020000
0 0.121325 0.437503 0.020000 0.020000
0 0.119482 0.454545 0.020000 0.020000
0 0.123161 0.488636 0.020000 0.020000
0 0.128675 0.502842 0.020000 0.020000
0 0.125004 0.532673 0.020000 0.020000
0 0.123161 0.553976 0.020000 0.020000
0 0.428306 0.552558 0.020000 0.020000
0 0.426471 0.536933 0.020000 0.020000
0 0.424635 0.515624 0.020000 0.020000
0 0.426471 0.500000 0.020000 0.020000
0 0.424635 0.484376 0.020000 0.020000
0 0.424635 0.460230 0.020000 0.020000
0 0.424635 0.446024 0.020000 0.020000
0 0.424635 0.426133 0.020000 0.020000
0 0.430149 0.414776 0.020000 0.020000
0 0.428306 0.380679 0.020000 0.020000
0 0.428306 0.363636 0.020000 0.020000
0 0.433820 0.349430 0.020000 0.020000
0 0.422792 0.305400 0.020000 0.020000
0 0.431984 0.296873 0.020000 0.020000
0 0.424635 0.284091 0.020000 0.020000
0 0.430149 0.271309 0.020000 0.020000
0 0.428306 0.251418 0.020000 0.020000
0 0.422792 0.235794 0.020000 0.020000
0 0.737129 0.237218 0.020000 0.020000
0 0.731616 0.252842 0.020000 0.020000
0 0.733459 0.282673 0.020000 0.020000
0 0.731616 0.302558 0.020000 0.020000
0 0.733459 0.335224 0.020000 0.020000
0 0.729780 0.349430 0.020000 0.020000
0 0.731616 0.366479 0.020000 0.020000
0 0.737129 0.394885 0.020000 0.020000
0 0.735294 0.413352 0.020000 0.020000
0 0.729780 0.431818 0.020000 0.020000
0 0.735294 0.465909 0.020000 0.020000
0 0.731616 0.482958 0.020000 0.020000
1 0.190255 0.659091 0.172573 0.020000
1 0.326286 0.661221 0.113749 0.021424
1 0.431063 0.660512 0.102722 0.022842
1 0.193016 0.684661 0.163380 0.020000
1 0.193016 0.705967 0.181765 0.022842
1 0.192094 0.727982 0.165224 0.021418
1 0.190259 0.752842 0.168894 0.025685
1 0.332722 0.752130 0.115592 0.024261
1 0.326286 0.730115 0.106392 0.025685
1 0.320773 0.705967 0.117420 0.025679
1 0.323529 0.687503 0.097208 0.020000
1 0.428310 0.684661 0.122941 0.025685
1 0.434745 0.705258 0.106400 0.024261
1 0.430149 0.727985 0.108235 0.024261
1 0.427392 0.752130 0.102722 0.021424
1 0.302392 0.825994 0.382133 0.021418
1 0.305149 0.851561 0.380290 0.024261
1 0.296875 0.872870 0.385812 0.021424
1 0.300553 0.899148 0.374784 0.022842
1 0.737133 0.828836 0.380290 0.027103
1 0.742647 0.850855 0.387647 0.020000
1 0.740808 0.874291 0.383969 0.021418
1 0.744482 0.895597 0.387647 0.021424
1 0.613973 0.660512 0.174408 0.022842
1 0.758271 0.659800 0.121106 0.021418
1 0.864890 0.658382 0.113749 0.021418
1 0.609373 0.681109 0.157867 0.027103
1 0.758275 0.683948 0.128455 0.021424
1 0.872243 0.682527 0.113757 0.021418
1 0.612133 0.710227 0.174416 0.028527
1 0.751839 0.706676 0.104557 0.021424
1 0.875918 0.707388 0.121106 0.020000
1 0.602024 0.725852 0.165224 0.025679
1 0.755518 0.731533 0.122941 0.020000
1 0.876839 0.728694 0.126620 0.022842
1 0.613051 0.752130 0.157867 0.021424
1 0.762867 0.752839 0.122941 0.022842
1 0.877761 0.752133 0.113749 0.027103
1 0.409925 0.154118 0.380290 0.024261
1 0.822608 0.156961 0.238753 0.021424