0 0.066176 0.284091 0.020000 0.020000
0 0.099265 0.288355 0.020000 0.020000
0 0.132353 0.286932 0.020000 0.020000
0 0.159929 0.291191 0.020000 0.020000
0 0.191176 0.289773 0.020000 0.020000
0 0.218753 0.288355 0.020000 0.020000
0 0.235294 0.291191 0.020000 0.020000
0 0.264706 0.288355 0.020000 0.020000
0 0.303306 0.286932 0.020000 0.020000
0 0.332718 0.288355 0.020000 0.020000
0 0.358459 0.288355 0.020000 0.020000
0 0.391541 0.289773 0.020000 0.020000
0 0.428306 0.285509 0.020000 0.020000
0 0.465071 0.286932 0.020000 0.020000
0 0.490812 0.286932 0.020000 0.020000
0 0.514706 0.285509 0.020000 0.020000
0 0.542282 0.289773 0.020000 0.020000
0 0.582718 0.286932 0.020000 0.020000
0 0.606618 0.289773 0.020000 0.020000
0 0.628676 0.289773 0.020000 0.020000
0 0.659929 0.286932 0.020000 0.020000
0 0.691176 0.288355 0.020000 0.020000
0 0.715071 0.286932 0.020000 0.020000
0 0.737129 0.288355 0.020000 0.020000
0 0.764706 0.288355 0.020000 0.020000
0 0.797794 0.288355 0.020000 0.020000
0 0.827206 0.288355 0.020000 0.020000
0 0.847424 0.288355 0.020000 0.020000
0 0.886029 0.286932 0.020000 0.020000
0 0.904412 0.285509 0.020000 0.020000
0 0.950365 0.288355 0.020000 0.020000
0 0.051471 0.345173 0.020000 0.020000
0 0.088235 0.340909 0.020000 0.020000
0 0.117647 0.345173 0.020000 0.020000
0 0.165441 0.343750 0.020000 0.020000
0 0.198529 0.350855 0.020000 0.020000
0 0.264706 0.340909 0.020000 0.020000
0 0.292282 0.345173 0.020000 0.020000
0 0.310659 0.342327 0.020000 0.020000
0 0.345588 0.343750 0.020000 0.020000
0 0.400735 0.345173 0.020000 0.020000
0 0.428306 0.340909 0.020000 0.020000
0 0.470588 0.339491 0.020000 0.020000
0 0.500000 0.340909 0.020000 0.020000
0 0.527576 0.342327 0.020000 0.020000
0 0.547794 0.343750 0.020000 0.020000
0 0.571694 0.339491 0.020000 0.020000
0 0.602941 0.340909 0.020000 0.020000
0 0.621324 0.338068 0.020000 0.020000
0 0.670953 0.333809 0.020000 0.020000
0 0.718753 0.333809 0.020000 0.020000
0 0.779412 0.343750 0.020000 0.020000
0 0.797794 0.342327 0.020000 0.020000
0 0.858459 0.346591 0.020000 0.020000
0 0.878676 0.350855 0.020000 0.020000
0 0.902576 0.345173 0.020000 0.020000
0 0.944853 0.342327 0.020000 0.020000
0 0.080882 0.377841 0.020000 0.020000
0 0.099265 0.375000 0.020000 0.020000
0 0.134188 0.377841 0.020000 0.020000
0 0.159929 0.379264 0.020000 0.020000
0 0.193012 0.380682 0.020000 0.020000
0 0.231618 0.379264 0.020000 0.020000
0 0.253676 0.379264 0.020000 0.020000
0 0.275735 0.382100 0.020000 0.020000
0 0.314341 0.380682 0.020000 0.020000
0 0.055147 0.497159 0.020000 0.020000
0 0.082718 0.491477 0.020000 0.020000
0 0.161765 0.497159 0.020000 0.020000
0 0.141541 0.494318 0.020000 0.020000
0 0.220588 0.500000 0.020000 0.020000
0 0.253676 0.497159 0.020000 0.020000
0 0.281247 0.497159 0.020000 0.020000
0 0.306988 0.494318 0.020000 0.020000
0 0.402576 0.491477 0.020000 0.020000
0 0.422794 0.498582 0.020000 0.020000
0 0.472424 0.502841 0.020000 0.020000
0 0.498165 0.500000 0.020000 0.020000
0 0.556988 0.502841 0.020000 0.020000
0 0.582718 0.495736 0.020000 0.020000
0 0.617647 0.500000 0.020000 0.020000
0 0.652576 0.498582 0.020000 0.020000
0 0.711400 0.497159 0.020000 0.020000
0 0.737129 0.497159 0.020000 0.020000
0 0.781247 0.500000 0.020000 0.020000
0 0.806988 0.497159 0.020000 0.020000
0 0.852941 0.500000 0.020000 0.020000
0 0.882353 0.500000 0.020000 0.020000
0 0.909929 0.501418 0.020000 0.020000
0 0.965071 0.500000 0.020000 0.020000
0 0.056988 0.732955 0.020000 0.020000
0 0.093753 0.730114 0.020000 0.020000
0 0.126835 0.728691 0.020000 0.020000
0 0.156247 0.730114 0.020000 0.020000
0 0.183824 0.727273 0.020000 0.020000
0 0.062500 0.700282 0.020000 0.020000
0 0.093753 0.698864 0.020000 0.020000
0 0.110294 0.697445 0.020000 0.020000
0 0.145224 0.693182 0.020000 0.020000
0 0.174635 0.694600 0.020000 0.020000
0 0.051471 0.666191 0.020000 0.020000
0 0.091912 0.670455 0.020000 0.020000
0 0.121324 0.666191 0.020000 0.020000
0 0.152576 0.659091 0.020000 0.020000
0 0.178306 0.660509 0.020000 0.020000
0 0.204047 0.725855 0.020000 0.020000
0 0.242647 0.730114 0.020000 0.020000
0 0.268382 0.731536 0.020000 0.020000
0 0.303306 0.730114 0.020000 0.020000
0 0.319853 0.731536 0.020000 0.020000
0 0.340071 0.730114 0.020000 0.020000
0 0.375000 0.732955 0.020000 0.020000
0 0.413600 0.730114 0.020000 0.020000
0 0.443012 0.731536 0.020000 0.020000
0 0.477941 0.727273 0.020000 0.020000
0 0.500000 0.727273 0.020000 0.020000
0 0.531247 0.724432 0.020000 0.020000
0 0.562500 0.721591 0.020000 0.020000
0 0.580882 0.725855 0.020000 0.020000
0 0.630518 0.728691 0.020000 0.020000
0 0.648894 0.731536 0.020000 0.020000
0 0.672794 0.728691 0.020000 0.020000
0 0.696694 0.732955 0.020000 0.020000
0 0.726106 0.730114 0.020000 0.020000
0 0.753676 0.728691 0.020000 0.020000
0 0.786765 0.727273 0.020000 0.020000
0 0.818012 0.731536 0.020000 0.020000
0 0.854776 0.734373 0.020000 0.020000
0 0.882353 0.734373 0.020000 0.020000
0 0.904412 0.730114 0.020000 0.020000
0 0.898894 0.700282 0.020000 0.020000
0 0.860294 0.694600 0.020000 0.020000
0 0.875000 0.697445 0.020000 0.020000
0 0.838235 0.701705 0.020000 0.020000
0 0.808824 0.701705 0.020000 0.020000
0 0.786765 0.696023 0.020000 0.020000
0 0.762871 0.700282 0.020000 0.020000
0 0.724265 0.704545 0.020000 0.020000
0 0.694853 0.703127 0.020000 0.020000
0 0.680147 0.697445 0.020000 0.020000
0 0.637871 0.705964 0.020000 0.020000
0 0.619482 0.698864 0.020000 0.020000
0 0.590071 0.698864 0.020000 0.020000
0 0.556988 0.700282 0.020000 0.020000
0 0.538600 0.697445 0.020000 0.020000
0 0.511029 0.698864 0.020000 0.020000
0 0.483459 0.697445 0.020000 0.020000
0 0.446694 0.697445 0.020000 0.020000
0 0.420953 0.696023 0.020000 0.020000
0 0.380518 0.701705 0.020000 0.020000
0 0.358459 0.700282 0.020000 0.020000
0 0.336400 0.700282 0.020000 0.020000
0 0.297794 0.697445 0.020000 0.020000
0 0.273894 0.697445 0.020000 0.020000
0 0.246324 0.697445 0.020000 0.020000
0 0.209559 0.698864 0.020000 0.020000
0 0.207718 0.660509 0.020000 0.020000
0 0.233459 0.659091 0.020000 0.020000
0 0.273894 0.664773 0.020000 0.020000
0 0.299635 0.661932 0.020000 0.020000
0 0.319853 0.666191 0.020000 0.020000
0 0.347424 0.664773 0.020000 0.020000
0 0.382353 0.663355 0.020000 0.020000
0 0.415441 0.663355 0.020000 0.020000
0 0.448529 0.663355 0.020000 0.020000
0 0.466912 0.663355 0.020000 0.020000
0 0.501835 0.666191 0.020000 0.020000
0 0.523894 0.666191 0.020000 0.020000
0 0.553306 0.664773 0.020000 0.020000
0 0.580882 0.663355 0.020000 0.020000
0 0.606618 0.661932 0.020000 0.020000
0 0.632353 0.663355 0.020000 0.020000
0 0.652576 0.664773 0.020000 0.020000
0 0.670953 0.661932 0.020000 0.020000
0 0.704047 0.666191 0.020000 0.020000
0 0.727941 0.661932 0.020000 0.020000
0 0.759188 0.664773 0.020000 0.020000
0 0.786765 0.661932 0.020000 0.020000
0 0.821694 0.661932 0.020000 0.020000
0 0.852941 0.661932 0.020000 0.020000
0 0.886029 0.660509 0.020000 0.020000
0 0.909929 0.660509 0.020000 0.020000
0 0.060659 0.536932 0.020000 0.020000
0 0.091912 0.541191 0.020000 0.020000
0 0.115812 0.539773 0.020000 0.020000
0 0.143382 0.539773 0.020000 0.020000
0 0.187500 0.542614 0.020000 0.020000
0 0.229776 0.542614 0.020000 0.020000
0 0.215071 0.539773 0.020000 0.020000
0 0.261029 0.539773 0.020000 0.020000
0 0.294118 0.541191 0.020000 0.020000
0 0.327206 0.539773 0.020000 0.020000
0 0.363971 0.539773 0.020000 0.020000
0 0.393382 0.536932 0.020000 0.020000
0 0.420953 0.539773 0.020000 0.020000
0 0.433824 0.539773 0.020000 0.020000
0 0.466912 0.539773 0.020000 0.020000
0 0.507353 0.539773 0.020000 0.020000
0 0.538600 0.538355 0.020000 0.020000
0 0.556988 0.539773 0.020000 0.020000
0 0.588235 0.538355 0.020000 0.020000
0 0.626835 0.539773 0.020000 0.020000
0 0.650735 0.536932 0.020000 0.020000
0 0.672794 0.536932 0.020000 0.020000
0 0.704047 0.538355 0.020000 0.020000
0 0.726106 0.541191 0.020000 0.020000
0 0.744482 0.538355 0.020000 0.020000
0 0.786765 0.536932 0.020000 0.020000
0 0.816176 0.536932 0.020000 0.020000
0 0.830882 0.539773 0.020000 0.020000
0 0.869482 0.539773 0.020000 0.020000
0 0.906247 0.538355 0.020000 0.020000
0 0.900735 0.571023 0.020000 0.020000
0 0.847424 0.569600 0.020000 0.020000
0 0.867647 0.575282 0.020000 0.020000
0 0.808824 0.571023 0.020000 0.020000
0 0.786765 0.576705 0.020000 0.020000
0 0.761029 0.569600 0.020000 0.020000
0 0.729776 0.576705 0.020000 0.020000
0 0.702206 0.579545 0.020000 0.020000
0 0.661765 0.576705 0.020000 0.020000
0 0.630518 0.579545 0.020000 0.020000
0 0.608459 0.572445 0.020000 0.020000
0 0.584559 0.575282 0.020000 0.020000
0 0.556988 0.573864 0.020000 0.020000
0 0.520224 0.575282 0.020000 0.020000
0 0.492647 0.572445 0.020000 0.020000
0 0.472424 0.575282 0.020000 0.020000
0 0.446694 0.575282 0.020000 0.020000
0 0.417282 0.576705 0.020000 0.020000
0 0.389706 0.573864 0.020000 0.020000
0 0.354776 0.573864 0.020000 0.020000
0 0.325365 0.569600 0.020000 0.020000
0 0.292282 0.572445 0.020000 0.020000
0 0.275735 0.573864 0.020000 0.020000
0 0.229776 0.575282 0.020000 0.020000
0 0.213235 0.573864 0.020000 0.020000
0 0.178306 0.573864 0.020000 0.020000
0 0.139706 0.573864 0.020000 0.020000
0 0.121324 0.573864 0.020000 0.020000
0 0.099265 0.575282 0.020000 0.020000
0 0.080882 0.573864 0.020000 0.020000
0 0.069853 0.602273 0.020000 0.020000
0 0.097424 0.605114 0.020000 0.020000
0 0.115812 0.606536 0.020000 0.020000
0 0.145224 0.606536 0.020000 0.020000
0 0.170953 0.607955 0.020000 0.020000
0 0.209559 0.607955 0.020000 0.020000
0 0.246324 0.607955 0.020000 0.020000
0 0.277576 0.606536 0.020000 0.020000
0 0.306988 0.600855 0.020000 0.020000
0 0.321694 0.605114 0.020000 0.020000
0 0.349265 0.607955 0.020000 0.020000
0 0.378676 0.612218 0.020000 0.020000
0 0.413600 0.609373 0.020000 0.020000
0 0.437500 0.607955 0.020000 0.020000
0 0.468753 0.607955 0.020000 0.020000
0 0.494482 0.606536 0.020000 0.020000
0 0.533088 0.606536 0.020000 0.020000
0 0.556988 0.606536 0.020000 0.020000
0 0.571694 0.605114 0.020000 0.020000
0 0.593753 0.607955 0.020000 0.020000
0 0.621324 0.610795 0.020000 0.020000
0 0.641541 0.606536 0.020000 0.020000
0 0.656247 0.607955 0.020000 0.020000
0 0.694853 0.612218 0.020000 0.020000
0 0.663600 0.605114 0.020000 0.020000
0 0.718753 0.607955 0.020000 0.020000
0 0.748165 0.606536 0.020000 0.020000
0 0.777576 0.606536 0.020000 0.020000
0 0.803306 0.603691 0.020000 0.020000
0 0.838235 0.603691 0.020000 0.020000
0 0.865812 0.603691 0.020000 0.020000
0 0.893382 0.606536 0.020000 0.020000
2 0.238053 0.418325 0.417282 0.044032
2 0.701285 0.419032 0.516547 0.039773
2 0.684744 0.377132 0.553312 0.041191
2 0.495406 0.809659 0.931988 0.119318