0 0.068012 0.840909 0.020000 0.020000
0 0.141541 0.839491 0.020000 0.020000
0 0.215071 0.857955 0.020000 0.020000
0 0.288600 0.856536 0.020000 0.020000
0 0.343753 0.856536 0.020000 0.020000
0 0.071694 0.924718 0.020000 0.020000
0 0.075365 0.910509 0.020000 0.020000
0 0.064341 0.893464 0.020000 0.020000
0 0.069853 0.799718 0.020000 0.020000
0 0.143382 0.792614 0.020000 0.020000
0 0.069853 0.292614 0.020000 0.020000
0 0.141541 0.294036 0.020000 0.020000
0 0.066176 0.332386 0.020000 0.020000
0 0.068012 0.353691 0.020000 0.020000
0 0.069853 0.379264 0.020000 0.020000
0 0.068012 0.403409 0.020000 0.020000
0 0.069853 0.417614 0.020000 0.020000
0 0.071694 0.440341 0.020000 0.020000
0 0.069853 0.468750 0.020000 0.020000
0 0.069853 0.488636 0.020000 0.020000
0 0.069853 0.512782 0.020000 0.020000
0 0.071694 0.534091 0.020000 0.020000
0 0.071694 0.558236 0.020000 0.020000
0 0.069853 0.579545 0.020000 0.020000
0 0.073529 0.204545 0.020000 0.020000
0 0.104776 0.203127 0.020000 0.020000
0 0.137871 0.201705 0.020000 0.020000
0 0.189341 0.205964 0.020000 0.020000
0 0.209559 0.207386 0.020000 0.020000
0 0.262871 0.201705 0.020000 0.020000
0 0.288600 0.200282 0.020000 0.020000
0 0.318012 0.204545 0.020000 0.020000
0 0.351106 0.203127 0.020000 0.020000
0 0.071694 0.156250 0.020000 0.020000
0 0.095588 0.157673 0.020000 0.020000
0 0.128676 0.149145 0.020000 0.020000
0 0.159929 0.151991 0.020000 0.020000
0 0.187500 0.156250 0.020000 0.020000
0 0.211400 0.150568 0.020000 0.020000
0 0.240812 0.153409 0.020000 0.020000
0 0.268382 0.153409 0.020000 0.020000
0 0.297794 0.154827 0.020000 0.020000
0 0.325365 0.154827 0.020000 0.020000
0 0.347424 0.153409 0.020000 0.020000
0 0.382353 0.151991 0.020000 0.020000
0 0.422794 0.151991 0.020000 0.020000
0 0.454047 0.154827 0.020000 0.020000
0 0.483459 0.153409 0.020000 0.020000
0 0.511029 0.151991 0.020000 0.020000
0 0.542282 0.153409 0.020000 0.020000
0 0.568012 0.153409 0.020000 0.020000
0 0.597424 0.151991 0.020000 0.020000
0 0.630518 0.154827 0.020000 0.020000
0 0.652576 0.153409 0.020000 0.020000
0 0.674635 0.153409 0.020000 0.020000
0 0.700365 0.153409 0.020000 0.020000
0 0.733459 0.151991 0.020000 0.020000
0 0.761029 0.154827 0.020000 0.020000
0 0.790441 0.153409 0.020000 0.020000
0 0.810659 0.153409 0.020000 0.020000
0 0.847424 0.156250 0.020000 0.020000
0 0.869482 0.156250 0.020000 0.020000
0 0.895224 0.151991 0.020000 0.020000
0 0.937500 0.153409 0.020000 0.020000
1 0.735294 0.803266 0.439118 0.021423
1 0.608456 0.946734 0.685441 0.021423
1 0.539521 0.339491 0.179924 0.020000
1 0.535844 0.360795 0.176253 0.022845
1 0.540441 0.382100 0.170741 0.020000
1 0.538603 0.408382 0.178088 0.021418
1 0.537685 0.428977 0.176253 0.020000
1 0.540441 0.450993 0.170741 0.021423
1 0.540441 0.473011 0.174412 0.022841
1 0.535844 0.496448 0.176253 0.021423
1 0.544118 0.519175 0.174412 0.021423
1 0.538603 0.544034 0.178088 0.022841
1 0.543200 0.563920 0.183600 0.022841
1 0.300550 0.625000 0.201982 0.022836
1 0.536765 0.625711 0.174412 0.024259
1 0.791362 0.626420 0.139488 0.022841
1 0.800553 0.649148 0.121106 0.022841
1 0.543200 0.651280 0.183600 0.021423
1 0.302388 0.650568 0.198306 0.025682
1 0.790441 0.338068 0.137647 0.020000
1 0.790441 0.362927 0.145000 0.021418
1 0.790441 0.384945 0.145000 0.020000
1 0.794118 0.406250 0.145000 0.022845
1 0.795035 0.428977 0.135812 0.022845
1 0.794118 0.452414 0.133976 0.024264
1 0.795956 0.475141 0.133971 0.024264
1 0.795035 0.498580 0.124776 0.022841
1 0.791362 0.519886 0.135806 0.020000
1 0.798715 0.539773 0.124782 0.020000
1 0.794118 0.566764 0.141318 0.020000
2 0.497244 0.749291 0.898900 0.055400
2 0.500000 0.676136 0.908094 0.042618