0 0.349331 0.093751 0.020000 0.020000
0 0.367397 0.093751 0.020000 0.020000
0 0.391491 0.090906 0.020000 0.020000
0 0.405544 0.090906 0.020000 0.020000
0 0.433650 0.095171 0.020000 0.020000
0 0.445697 0.096591 0.020000 0.020000
0 0.475810 0.089487 0.020000 0.020000
0 0.465770 0.113637 0.020000 0.020000
0 0.451716 0.110798 0.020000 0.020000
0 0.433650 0.112218 0.020000 0.020000
0 0.419597 0.107953 0.020000 0.020000
0 0.397510 0.107953 0.020000 0.020000
0 0.379444 0.107953 0.020000 0.020000
0 0.347325 0.113637 0.020000 0.020000
0 0.341297 0.130684 0.020000 0.020000
0 0.363384 0.130684 0.020000 0.020000
0 0.389484 0.130684 0.020000 0.020000
0 0.407550 0.133523 0.020000 0.020000
0 0.433650 0.133523 0.020000 0.020000
0 0.459750 0.134943 0.020000 0.020000
0 0.487857 0.132104 0.020000 0.020000
0 0.795020 0.169036 0.020000 0.020000
0 0.811088 0.169036 0.020000 0.020000
0 0.839194 0.169036 0.020000 0.020000
0 0.784988 0.147725 0.020000 0.020000
0 0.809081 0.150570 0.020000 0.020000
0 0.829154 0.151990 0.020000 0.020000
0 0.857260 0.154829 0.020000 0.020000
0 0.879347 0.154829 0.020000 0.020000
0 0.911467 0.151990 0.020000 0.020000
0 0.893400 0.150570 0.020000 0.020000
0 0.917494 0.126420 0.020000 0.020000
0 0.915479 0.116477 0.020000 0.020000
0 0.917494 0.085228 0.020000 0.020000
0 0.893400 0.086648 0.020000 0.020000
0 0.889380 0.105114 0.020000 0.020000
0 0.891394 0.130684 0.020000 0.020000
0 0.879347 0.130684 0.020000 0.020000
0 0.883360 0.112218 0.020000 0.020000
0 0.877341 0.089487 0.020000 0.020000
0 0.853247 0.092332 0.020000 0.020000
0 0.851241 0.107953 0.020000 0.020000
0 0.847220 0.136363 0.020000 0.020000
0 0.839194 0.132104 0.020000 0.020000
0 0.841201 0.112218 0.020000 0.020000
0 0.833167 0.090906 0.020000 0.020000
0 0.811088 0.095171 0.020000 0.020000
0 0.811088 0.112218 0.020000 0.020000
0 0.813094 0.129259 0.020000 0.020000
0 0.791007 0.127839 0.020000 0.020000
0 0.795020 0.109373 0.020000 0.020000
0 0.791007 0.093751 0.020000 0.020000
0 0.329251 0.339487 0.020000 0.020000
0 0.327244 0.355114 0.020000 0.020000
0 0.341297 0.375000 0.020000 0.020000
0 0.084319 0.416192 0.020000 0.020000
0 0.084319 0.397725 0.020000 0.020000
0 0.084319 0.375000 0.020000 0.020000
0 0.088332 0.360798 0.020000 0.020000
0 0.088332 0.343751 0.020000 0.020000
0 0.592256 0.345171 0.020000 0.020000
0 0.600282 0.357953 0.020000 0.020000
0 0.596269 0.383523 0.020000 0.020000
0 0.598276 0.396306 0.020000 0.020000
0 0.220838 0.715906 0.020000 0.020000
0 0.315197 0.721591 0.020000 0.020000
0 0.437663 0.715906 0.020000 0.020000
0 0.128485 0.940342 0.020000 0.020000
0 0.142538 0.951705 0.020000 0.020000
0 0.166632 0.946021 0.020000 0.020000
0 0.184706 0.946021 0.020000 0.020000
0 0.224859 0.948865 0.020000 0.020000
0 0.246938 0.948865 0.020000 0.020000
0 0.275044 0.946021 0.020000 0.020000
0 0.262998 0.948865 0.020000 0.020000
0 0.345310 0.169036 0.020000 0.020000
0 0.361378 0.167611 0.020000 0.020000
0 0.397510 0.171876 0.020000 0.020000
0 0.355351 0.187503 0.020000 0.020000
0 0.399517 0.187503 0.020000 0.020000
0 0.345310 0.225849 0.020000 0.020000
0 0.345310 0.245741 0.020000 0.020000
0 0.339291 0.268466 0.020000 0.020000
0 0.367397 0.262782 0.020000 0.020000
0 0.371410 0.247161 0.020000 0.020000
0 0.369404 0.220171 0.020000 0.020000
0 0.387478 0.224430 0.020000 0.020000
0 0.391491 0.242896 0.020000 0.020000
0 0.393497 0.257104 0.020000 0.020000
0 0.415584 0.264202 0.020000 0.020000
0 0.415584 0.244316 0.020000 0.020000
0 0.409557 0.221591 0.020000 0.020000
0 0.437663 0.225849 0.020000 0.020000
0 0.433650 0.247161 0.020000 0.020000
0 0.431644 0.258523 0.020000 0.020000
0 0.449710 0.262782 0.020000 0.020000
0 0.463763 0.240057 0.020000 0.020000
0 0.459750 0.217332 0.020000 0.020000
0 0.477816 0.231534 0.020000 0.020000
0 0.471797 0.251420 0.020000 0.020000
0 0.473803 0.265627 0.020000 0.020000
0 0.793014 0.303979 0.020000 0.020000
0 0.811088 0.303979 0.020000 0.020000
0 0.833167 0.305399 0.020000 0.020000
0 0.859267 0.302554 0.020000 0.020000
0 0.875326 0.305399 0.020000 0.020000
0 0.893400 0.302554 0.020000 0.020000
0 0.921507 0.305399 0.020000 0.020000
0 0.917494 0.262782 0.020000 0.020000
0 0.917494 0.242896 0.020000 0.020000
0 0.917494 0.223010 0.020000 0.020000
0 0.901426 0.224430 0.020000 0.020000
0 0.897413 0.242896 0.020000 0.020000
0 0.897413 0.269886 0.020000 0.020000
0 0.889380 0.261363 0.020000 0.020000
0 0.863288 0.247161 0.020000 0.020000
0 0.881354 0.223010 0.020000 0.020000
0 0.863288 0.227275 0.020000 0.020000
0 0.879347 0.245741 0.020000 0.020000
0 0.863288 0.259943 0.020000 0.020000
0 0.839194 0.261363 0.020000 0.020000
0 0.839194 0.242896 0.020000 0.020000
0 0.833167 0.227275 0.020000 0.020000
0 0.821120 0.227275 0.020000 0.020000
0 0.811088 0.242896 0.020000 0.020000
0 0.817107 0.262782 0.020000 0.020000
0 0.799041 0.258523 0.020000 0.020000
0 0.791007 0.244316 0.020000 0.020000
0 0.793014 0.224430 0.020000 0.020000
0 0.152579 0.738637 0.020000 0.020000
0 0.150572 0.762782 0.020000 0.020000
0 0.170653 0.732953 0.020000 0.020000
0 0.166632 0.751420 0.020000 0.020000
0 0.186712 0.754259 0.020000 0.020000
0 0.192732 0.735798 0.020000 0.020000
0 0.206785 0.735798 0.020000 0.020000
0 0.214819 0.752839 0.020000 0.020000
0 0.236898 0.751420 0.020000 0.020000
0 0.234891 0.731534 0.020000 0.020000
0 0.258985 0.737218 0.020000 0.020000
0 0.260991 0.755684 0.020000 0.020000
0 0.281072 0.757104 0.020000 0.020000
0 0.277051 0.734373 0.020000 0.020000
0 0.295125 0.735798 0.020000 0.020000
0 0.301144 0.750000 0.020000 0.020000
0 0.309178 0.750000 0.020000 0.020000
0 0.321225 0.735798 0.020000 0.020000
0 0.337284 0.737218 0.020000 0.020000
0 0.339291 0.750000 0.020000 0.020000
0 0.361378 0.752839 0.020000 0.020000
0 0.359363 0.735798 0.020000 0.020000
0 0.377438 0.738637 0.020000 0.020000
0 0.381450 0.757104 0.020000 0.020000
0 0.690629 0.738637 0.020000 0.020000
0 0.704682 0.740057 0.020000 0.020000
0 0.734795 0.738637 0.020000 0.020000
0 0.750854 0.735798 0.020000 0.020000
0 0.770935 0.734373 0.020000 0.020000
0 0.789001 0.735798 0.020000 0.020000
0 0.815101 0.732953 0.020000 0.020000
0 0.835173 0.734373 0.020000 0.020000
0 0.851241 0.734373 0.020000 0.020000
0 0.869307 0.734373 0.020000 0.020000
0 0.891394 0.734373 0.020000 0.020000
0 0.923513 0.731534 0.020000 0.020000
0 0.411563 0.660513 0.020000 0.020000
0 0.431644 0.657668 0.020000 0.020000
0 0.455737 0.659094 0.020000 0.020000
0 0.485850 0.656249 0.020000 0.020000
0 0.515963 0.654829 0.020000 0.020000
0 0.540056 0.659094 0.020000 0.020000
0 0.554110 0.659094 0.020000 0.020000
0 0.572176 0.657668 0.020000 0.020000
0 0.588235 0.660513 0.020000 0.020000
0 0.616342 0.659094 0.020000 0.020000
0 0.638429 0.657668 0.020000 0.020000
0 0.658501 0.659094 0.020000 0.020000
0 0.694641 0.657668 0.020000 0.020000
0 0.714722 0.657668 0.020000 0.020000
0 0.730782 0.656249 0.020000 0.020000
0 0.736801 0.475849 0.020000 0.020000
0 0.732788 0.492896 0.020000 0.020000
0 0.734795 0.504259 0.020000 0.020000
0 0.730782 0.511363 0.020000 0.020000
0 0.734795 0.529829 0.020000 0.020000
0 0.738807 0.539772 0.020000 0.020000
0 0.728775 0.553979 0.020000 0.020000
0 0.738807 0.566762 0.020000 0.020000
0 0.736801 0.580964 0.020000 0.020000
0 0.736801 0.592332 0.020000 0.020000
0 0.764907 0.480114 0.020000 0.020000
0 0.772941 0.488637 0.020000 0.020000
0 0.758888 0.500000 0.020000 0.020000
0 0.770935 0.509943 0.020000 0.020000
0 0.764907 0.528409 0.020000 0.020000
0 0.770935 0.546876 0.020000 0.020000
0 0.770935 0.559658 0.020000 0.020000
0 0.766914 0.575285 0.020000 0.020000
0 0.774948 0.583808 0.020000 0.020000
0 0.770935 0.599430 0.020000 0.020000
0 0.797035 0.596591 0.020000 0.020000
0 0.799041 0.585228 0.020000 0.020000
0 0.795020 0.571021 0.020000 0.020000
0 0.805060 0.556819 0.020000 0.020000
0 0.791007 0.541192 0.020000 0.020000
0 0.801048 0.529829 0.020000 0.020000
0 0.793014 0.515627 0.020000 0.020000
0 0.799041 0.501420 0.020000 0.020000
0 0.793014 0.492896 0.020000 0.020000
0 0.797035 0.475849 0.020000 0.020000
0 0.819114 0.477275 0.020000 0.020000
0 0.827147 0.490057 0.020000 0.020000
0 0.827147 0.500000 0.020000 0.020000
0 0.825141 0.512782 0.020000 0.020000
0 0.827147 0.525570 0.020000 0.020000
0 0.827147 0.539772 0.020000 0.020000
0 0.825141 0.553979 0.020000 0.020000
0 0.829154 0.572446 0.020000 0.020000
0 0.827147 0.582389 0.020000 0.020000
0 0.827147 0.596591 0.020000 0.020000
0 0.859267 0.595171 0.020000 0.020000
0 0.853247 0.582389 0.020000 0.020000
0 0.855254 0.576705 0.020000 0.020000
0 0.855254 0.565342 0.020000 0.020000
0 0.851241 0.549715 0.020000 0.020000
0 0.857260 0.536933 0.020000 0.020000
0 0.853247 0.528409 0.020000 0.020000
0 0.853247 0.512782 0.020000 0.020000
0 0.855254 0.500000 0.020000 0.020000
0 0.853247 0.484373 0.020000 0.020000
0 0.883360 0.480114 0.020000 0.020000
0 0.883360 0.488637 0.020000 0.020000
0 0.881354 0.502839 0.020000 0.020000
0 0.883360 0.515627 0.020000 0.020000
0 0.881354 0.526990 0.020000 0.020000
0 0.883360 0.539772 0.020000 0.020000
0 0.883360 0.551135 0.020000 0.020000
0 0.881354 0.568181 0.020000 0.020000
0 0.885367 0.590906 0.020000 0.020000
0 0.883360 0.585228 0.020000 0.020000
0 0.909460 0.599430 0.020000 0.020000
0 0.913473 0.583808 0.020000 0.020000
0 0.915479 0.569601 0.020000 0.020000
0 0.911467 0.549715 0.020000 0.020000
0 0.913473 0.539772 0.020000 0.020000
0 0.913473 0.526990 0.020000 0.020000
0 0.911467 0.497161 0.020000 0.020000
0 0.913473 0.509943 0.020000 0.020000
0 0.915479 0.487218 0.020000 0.020000
0 0.907454 0.477275 0.020000 0.020000
0 0.196745 0.475849 0.020000 0.020000
0 0.202772 0.487218 0.020000 0.020000
0 0.204778 0.495741 0.020000 0.020000
0 0.200766 0.514202 0.020000 0.020000
0 0.204778 0.524151 0.020000 0.020000
0 0.200766 0.541192 0.020000 0.020000
0 0.200766 0.552554 0.020000 0.020000
0 0.206785 0.563922 0.020000 0.020000
0 0.202772 0.580964 0.020000 0.020000
0 0.194738 0.599430 0.020000 0.020000
0 0.232885 0.599430 0.020000 0.020000
0 0.260991 0.599430 0.020000 0.020000
0 0.295125 0.598010 0.020000 0.020000
0 0.323231 0.598010 0.020000 0.020000
0 0.234891 0.589487 0.020000 0.020000
0 0.226865 0.575285 0.020000 0.020000
0 0.228872 0.559658 0.020000 0.020000
0 0.226865 0.542611 0.020000 0.020000
0 0.224859 0.528409 0.020000 0.020000
0 0.228872 0.515627 0.020000 0.020000
0 0.228872 0.498580 0.020000 0.020000
0 0.230878 0.488637 0.020000 0.020000
0 0.226865 0.478694 0.020000 0.020000
0 0.265012 0.475849 0.020000 0.020000
0 0.258985 0.487218 0.020000 0.020000
0 0.258985 0.495741 0.020000 0.020000
0 0.260991 0.509943 0.020000 0.020000
0 0.254972 0.522725 0.020000 0.020000
0 0.252965 0.538352 0.020000 0.020000
0 0.252965 0.553979 0.020000 0.020000
0 0.262998 0.562497 0.020000 0.020000
0 0.256978 0.580964 0.020000 0.020000
0 0.287091 0.585228 0.020000 0.020000
0 0.289098 0.573865 0.020000 0.020000
0 0.289098 0.563922 0.020000 0.020000
0 0.291104 0.549715 0.020000 0.020000
0 0.289098 0.534094 0.020000 0.020000
0 0.287091 0.522725 0.020000 0.020000
0 0.287091 0.509943 0.020000 0.020000
0 0.289098 0.495741 0.020000 0.020000
0 0.287091 0.477275 0.020000 0.020000
0 0.299138 0.481534 0.020000 0.020000
0 0.315197 0.475849 0.020000 0.020000
0 0.321225 0.494316 0.020000 0.020000
0 0.321225 0.507104 0.020000 0.020000
0 0.311185 0.515627 0.020000 0.020000
0 0.313191 0.531249 0.020000 0.020000
0 0.315197 0.544036 0.020000 0.020000
0 0.319210 0.556819 0.020000 0.020000
0 0.319210 0.568181 0.020000 0.020000
0 0.315197 0.585228 0.020000 0.020000
0 0.355351 0.585228 0.020000 0.020000
0 0.347325 0.572446 0.020000 0.020000
0 0.343304 0.559658 0.020000 0.020000
0 0.345310 0.544036 0.020000 0.020000
0 0.345310 0.529829 0.020000 0.020000
0 0.343304 0.514202 0.020000 0.020000
0 0.347325 0.497161 0.020000 0.020000
0 0.341297 0.470171 0.020000 0.020000
0 0.345310 0.596591 0.020000 0.020000
1 0.544069 0.682529 0.778888 0.021420
1 0.663525 0.649151 0.535963 0.020000
1 0.584222 0.699575 0.698582 0.021420
2 0.456737 0.946023 0.210798 0.014202
2 0.783985 0.914772 0.299138 0.056819
2 0.419597 0.475852 0.116438 0.014202
2 0.418590 0.489347 0.118453 0.012788
2 0.418590 0.502842 0.118453 0.014202
2 0.418590 0.515624 0.118453 0.011363
2 0.417587 0.527700 0.120459 0.012788
2 0.418590 0.541904 0.118453 0.015621
2 0.418590 0.557529 0.118453 0.015627
2 0.417587 0.571733 0.120459 0.012782
2 0.416583 0.583096 0.118453 0.009943
2 0.423610 0.596591 0.104400 0.017047
2 0.152579 0.475143 0.076293 0.015621
2 0.151579 0.487215 0.070266 0.008523
2 0.151575 0.501420 0.074287 0.014208
2 0.153586 0.517757 0.070266 0.015627
2 0.152583 0.533381 0.068259 0.015621
2 0.150572 0.545453 0.072280 0.008523
2 0.150572 0.558238 0.072280 0.017047
2 0.150572 0.572443 0.072280 0.011363
2 0.156595 0.584515 0.076285 0.012782
2 0.151575 0.596591 0.074287 0.011368
2 0.802051 0.752129 0.250951 0.021306