0 0.128561 0.098012 0.020000 0.020000
0 0.124541 0.120740 0.020000 0.020000
0 0.124541 0.151988 0.020000 0.020000
0 0.118513 0.183241 0.020000 0.020000
0 0.132576 0.207388 0.020000 0.020000
0 0.122533 0.234374 0.020000 0.020000
0 0.118513 0.268465 0.020000 0.020000
0 0.666898 0.035511 0.020000 0.020000
0 0.707074 0.035511 0.020000 0.020000
0 0.753277 0.038354 0.020000 0.020000
0 0.789432 0.039773 0.020000 0.020000
0 0.827600 0.041193 0.020000 0.020000
0 0.873797 0.038354 0.020000 0.020000
0 0.913972 0.034091 0.020000 0.020000
1 0.775372 0.452416 0.176681 0.021419
2 0.519256 0.446022 0.837642 0.031248