0 0.687405 0.055400 0.020000 0.020000
0 0.832117 0.058239 0.020000 0.020000
0 0.687405 0.086648 0.020000 0.020000
0 0.824077 0.080966 0.020000 0.020000
0 0.691422 0.109376 0.020000 0.020000
0 0.826086 0.103694 0.020000 0.020000
0 0.689413 0.133523 0.020000 0.020000
0 0.824077 0.133523 0.020000 0.020000
0 0.687405 0.159089 0.020000 0.020000
0 0.824077 0.159089 0.020000 0.020000
0 0.693430 0.183241 0.020000 0.020000
0 0.824077 0.183241 0.020000 0.020000
0 0.687405 0.237217 0.020000 0.020000
0 0.824077 0.231535 0.020000 0.020000
0 0.687405 0.267046 0.020000 0.020000
0 0.828100 0.262783 0.020000 0.020000
0 0.687405 0.291193 0.020000 0.020000
0 0.828100 0.285511 0.020000 0.020000
0 0.689413 0.312501 0.020000 0.020000
0 0.826086 0.318183 0.020000 0.020000
0 0.689413 0.340911 0.020000 0.020000
0 0.822069 0.339487 0.020000 0.020000
0 0.687405 0.366477 0.020000 0.020000
0 0.828100 0.366477 0.020000 0.020000
0 0.691422 0.393467 0.020000 0.020000
0 0.822069 0.389205 0.020000 0.020000
0 0.685390 0.453125 0.020000 0.020000
0 0.824077 0.453125 0.020000 0.020000
0 0.691422 0.480115 0.020000 0.020000
0 0.826086 0.481535 0.020000 0.020000
0 0.687405 0.508521 0.020000 0.020000
0 0.824077 0.508521 0.020000 0.020000
0 0.695445 0.536930 0.020000 0.020000
0 0.824077 0.532672 0.020000 0.020000
0 0.687405 0.561082 0.020000 0.020000
0 0.824077 0.559658 0.020000 0.020000
0 0.687405 0.586648 0.020000 0.020000
0 0.832117 0.582386 0.020000 0.020000
0 0.693430 0.610795 0.020000 0.020000
0 0.824077 0.610795 0.020000 0.020000
0 0.685390 0.634942 0.020000 0.020000
0 0.824077 0.636362 0.020000 0.020000
0 0.691422 0.661932 0.020000 0.020000
0 0.824077 0.663352 0.020000 0.020000
0 0.689413 0.724434 0.020000 0.020000
0 0.824077 0.724434 0.020000 0.020000
0 0.687405 0.748581 0.020000 0.020000
0 0.824077 0.750000 0.020000 0.020000
0 0.693430 0.775566 0.020000 0.020000
0 0.824077 0.771308 0.020000 0.020000
0 0.687405 0.821022 0.020000 0.020000
0 0.826086 0.816759 0.020000 0.020000
0 0.691422 0.840911 0.020000 0.020000
0 0.818046 0.843749 0.020000 0.020000
0 0.697453 0.865058 0.020000 0.020000
0 0.824077 0.867897 0.020000 0.020000
0 0.693430 0.894887 0.020000 0.020000
0 0.828100 0.894887 0.020000 0.020000