0 0.734795 0.049715 0.020000 0.020000
0 0.758888 0.049715 0.020000 0.020000
0 0.789001 0.048295 0.020000 0.020000
0 0.807067 0.049715 0.020000 0.020000
0 0.835173 0.048295 0.020000 0.020000
0 0.857260 0.045456 0.020000 0.020000
0 0.877341 0.048295 0.020000 0.020000
0 0.907454 0.048295 0.020000 0.020000
0 0.206785 0.670456 0.020000 0.020000
0 0.262998 0.670456 0.020000 0.020000
0 0.361378 0.673295 0.020000 0.020000
0 0.405544 0.674715 0.020000 0.020000
0 0.650475 0.669036 0.020000 0.020000
0 0.706688 0.674715 0.020000 0.020000
0 0.092353 0.789772 0.020000 0.020000
0 0.122466 0.794036 0.020000 0.020000
0 0.138525 0.795456 0.020000 0.020000
0 0.162619 0.788352 0.020000 0.020000
0 0.178678 0.792611 0.020000 0.020000
0 0.214819 0.794036 0.020000 0.020000
0 0.238912 0.792611 0.020000 0.020000
0 0.254972 0.795456 0.020000 0.020000
0 0.315197 0.417611 0.020000 0.020000
0 0.365391 0.417611 0.020000 0.020000
0 0.313191 0.463067 0.020000 0.020000
0 0.363384 0.464487 0.020000 0.020000
0 0.176672 0.642047 0.020000 0.020000
0 0.204778 0.639202 0.020000 0.020000
0 0.226865 0.643466 0.020000 0.020000
0 0.250951 0.640627 0.020000 0.020000
0 0.271031 0.640627 0.020000 0.020000
0 0.293118 0.642047 0.020000 0.020000
0 0.329251 0.639202 0.020000 0.020000
0 0.357357 0.642047 0.020000 0.020000
0 0.377438 0.643466 0.020000 0.020000
0 0.393497 0.642047 0.020000 0.020000
0 0.630395 0.636363 0.020000 0.020000
0 0.648469 0.640627 0.020000 0.020000
0 0.684601 0.636363 0.020000 0.020000
0 0.700669 0.643466 0.020000 0.020000
0 0.734795 0.642047 0.020000 0.020000
0 0.758888 0.640627 0.020000 0.020000
0 0.220838 0.616477 0.020000 0.020000
0 0.246938 0.616477 0.020000 0.020000
0 0.273038 0.616477 0.020000 0.020000
0 0.295125 0.617896 0.020000 0.020000
0 0.329251 0.613637 0.020000 0.020000
0 0.349331 0.619316 0.020000 0.020000
0 0.363384 0.619316 0.020000 0.020000
0 0.391491 0.619316 0.020000 0.020000
0 0.421604 0.616477 0.020000 0.020000
0 0.435657 0.615057 0.020000 0.020000
0 0.459750 0.617896 0.020000 0.020000
0 0.477816 0.617896 0.020000 0.020000
0 0.610322 0.612218 0.020000 0.020000
0 0.628388 0.613637 0.020000 0.020000
0 0.656495 0.616477 0.020000 0.020000
0 0.678582 0.617896 0.020000 0.020000
0 0.710701 0.619316 0.020000 0.020000
0 0.730782 0.619316 0.020000 0.020000
0 0.744835 0.616477 0.020000 0.020000
0 0.774948 0.617896 0.020000 0.020000
0 0.799041 0.616477 0.020000 0.020000
0 0.825141 0.615057 0.020000 0.020000
0 0.841201 0.615057 0.020000 0.020000
0 0.865294 0.613637 0.020000 0.020000
0 0.891394 0.617896 0.020000 0.020000
0 0.913473 0.619316 0.020000 0.020000
0 0.178678 0.541192 0.020000 0.020000
0 0.204778 0.542611 0.020000 0.020000
0 0.228872 0.542611 0.020000 0.020000
0 0.250951 0.541192 0.020000 0.020000
0 0.281072 0.541192 0.020000 0.020000
0 0.299138 0.545456 0.020000 0.020000
0 0.321225 0.539772 0.020000 0.020000
0 0.351338 0.542611 0.020000 0.020000
0 0.375431 0.541192 0.020000 0.020000
0 0.399517 0.542611 0.020000 0.020000
0 0.417591 0.544036 0.020000 0.020000
0 0.443691 0.542611 0.020000 0.020000
0 0.469790 0.541192 0.020000 0.020000
0 0.493876 0.539772 0.020000 0.020000
0 0.513956 0.542611 0.020000 0.020000
0 0.534029 0.541192 0.020000 0.020000
0 0.566156 0.542611 0.020000 0.020000
0 0.584222 0.541192 0.020000 0.020000
0 0.602288 0.544036 0.020000 0.020000
0 0.632409 0.542611 0.020000 0.020000
0 0.652482 0.541192 0.020000 0.020000
0 0.680588 0.542611 0.020000 0.020000
0 0.706688 0.541192 0.020000 0.020000
0 0.728775 0.541192 0.020000 0.020000
0 0.756882 0.541192 0.020000 0.020000
0 0.774948 0.539772 0.020000 0.020000
0 0.791007 0.539772 0.020000 0.020000
0 0.825141 0.541192 0.020000 0.020000
0 0.841201 0.544036 0.020000 0.020000
0 0.875326 0.542611 0.020000 0.020000
0 0.889380 0.544036 0.020000 0.020000
0 0.915479 0.544036 0.020000 0.020000
0 0.182691 0.571021 0.020000 0.020000
0 0.182691 0.589487 0.020000 0.020000
0 0.200766 0.592332 0.020000 0.020000
0 0.206785 0.572446 0.020000 0.020000
0 0.224859 0.569601 0.020000 0.020000
0 0.232885 0.592332 0.020000 0.020000
0 0.250951 0.589487 0.020000 0.020000
0 0.244932 0.565342 0.020000 0.020000
0 0.281072 0.571021 0.020000 0.020000
0 0.283078 0.589487 0.020000 0.020000
0 0.309178 0.596591 0.020000 0.020000
0 0.291104 0.568181 0.020000 0.020000
0 0.327244 0.566762 0.020000 0.020000
0 0.327244 0.586648 0.020000 0.020000
0 0.349331 0.596591 0.020000 0.020000
0 0.341297 0.572446 0.020000 0.020000
0 0.361378 0.575285 0.020000 0.020000
0 0.379444 0.593751 0.020000 0.020000
0 0.395504 0.593751 0.020000 0.020000
0 0.393497 0.571021 0.020000 0.020000
0 0.417591 0.569601 0.020000 0.020000
0 0.439670 0.566762 0.020000 0.020000
0 0.459750 0.572446 0.020000 0.020000
0 0.483844 0.572446 0.020000 0.020000
0 0.515963 0.572446 0.020000 0.020000
0 0.534029 0.566762 0.020000 0.020000
0 0.564150 0.571021 0.020000 0.020000
0 0.584222 0.571021 0.020000 0.020000
0 0.602288 0.571021 0.020000 0.020000
0 0.636422 0.571021 0.020000 0.020000
0 0.656495 0.571021 0.020000 0.020000
0 0.674569 0.573865 0.020000 0.020000
0 0.700669 0.572446 0.020000 0.020000
0 0.730782 0.571021 0.020000 0.020000
0 0.750854 0.571021 0.020000 0.020000
0 0.762901 0.573865 0.020000 0.020000
0 0.791007 0.572446 0.020000 0.020000
0 0.821120 0.571021 0.020000 0.020000
0 0.843207 0.571021 0.020000 0.020000
0 0.869307 0.572446 0.020000 0.020000
0 0.897413 0.572446 0.020000 0.020000
0 0.911467 0.569601 0.020000 0.020000
0 0.415584 0.595171 0.020000 0.020000
0 0.443691 0.593751 0.020000 0.020000
0 0.463763 0.590906 0.020000 0.020000
0 0.493876 0.595171 0.020000 0.020000
0 0.505923 0.592332 0.020000 0.020000
0 0.534029 0.590906 0.020000 0.020000
0 0.562135 0.592332 0.020000 0.020000
0 0.584222 0.596591 0.020000 0.020000
0 0.614335 0.593751 0.020000 0.020000
0 0.632409 0.598010 0.020000 0.020000
0 0.652482 0.595171 0.020000 0.020000
0 0.674569 0.596591 0.020000 0.020000
0 0.698654 0.592332 0.020000 0.020000
0 0.718735 0.596591 0.020000 0.020000
0 0.744835 0.593751 0.020000 0.020000
0 0.774948 0.593751 0.020000 0.020000
0 0.809081 0.595171 0.020000 0.020000
0 0.795020 0.593751 0.020000 0.020000
0 0.821120 0.595171 0.020000 0.020000
0 0.839194 0.592332 0.020000 0.020000
0 0.857260 0.596591 0.020000 0.020000
0 0.883360 0.596591 0.020000 0.020000
0 0.915479 0.598010 0.020000 0.020000
1 0.357357 0.433948 0.132425 0.021420
1 0.361374 0.445311 0.116366 0.021420
1 0.359367 0.480114 0.120379 0.020000
1 0.362377 0.493606 0.122385 0.021420
1 0.420600 0.053267 0.307099 0.024265
1 0.579206 0.693181 0.724682 0.022839
2 0.422607 0.791194 0.206793 0.014202
2 0.835173 0.794743 0.216825 0.032668
2 0.606305 0.389205 0.618348 0.022731
2 0.636422 0.078834 0.562143 0.024145
2 0.462764 0.156251 0.094359 0.025570
2 0.459746 0.178979 0.092353 0.019886
2 0.460749 0.199575 0.094359 0.021306
2 0.462760 0.221591 0.090338 0.022725
2 0.461757 0.243606 0.088332 0.021306
2 0.461757 0.265624 0.088332 0.022731
2 0.464770 0.286933 0.090346 0.025564
2 0.459750 0.311080 0.100387 0.022731
2 0.458743 0.331676 0.098372 0.018461
2 0.462760 0.351562 0.090338 0.021311
2 0.600286 0.352985 0.152579 0.021306
2 0.598276 0.333099 0.156600 0.018466
2 0.598276 0.311080 0.156600 0.025570
2 0.599283 0.289062 0.150572 0.018466
2 0.602293 0.267757 0.156591 0.024145
2 0.600282 0.245029 0.160612 0.021311
2 0.600282 0.222300 0.160612 0.024145
2 0.600282 0.200285 0.160612 0.019886
2 0.603296 0.178977 0.166640 0.022731
2 0.603296 0.159094 0.154585 0.019886
2 0.754871 0.159094 0.152579 0.019886
2 0.759887 0.178270 0.150572 0.018466
2 0.757881 0.197443 0.146559 0.022731
2 0.757881 0.220881 0.146559 0.024145
2 0.758884 0.244319 0.148566 0.022731
2 0.754871 0.267757 0.156591 0.024145
2 0.755874 0.289062 0.158598 0.018466
2 0.757881 0.309658 0.154585 0.022725
2 0.757881 0.332386 0.154585 0.022731
2 0.755874 0.355114 0.158598 0.022725