0 0.082722 0.674715 0.020000 0.020000
0 0.415443 0.671873 0.020000 0.020000
0 0.727937 0.673297 0.020000 0.020000
0 0.290439 0.210230 0.020000 0.020000
0 0.034925 0.213067 0.020000 0.020000
1 0.332722 0.839491 0.604565 0.020000
1 0.831804 0.840909 0.187278 0.022836
1 0.480698 0.109376 0.595373 0.020000
1 0.866729 0.061079 0.176251 0.022836
1 0.882353 0.111506 0.178086 0.029945
1 0.258271 0.248579 0.378455 0.022842
1 0.736216 0.248582 0.378455 0.020000
1 0.772980 0.274858 0.304925 0.024261
1 0.743569 0.299006 0.374776 0.021418
1 0.745404 0.334515 0.371106 0.021418
1 0.722427 0.364348 0.424416 0.024261
1 0.760114 0.490058 0.349043 0.022842
1 0.761949 0.520597 0.341686 0.024261
1 0.261945 0.519885 0.382133 0.020000
1 0.265627 0.492188 0.385812 0.021418
1 0.265624 0.360085 0.389490 0.021418
1 0.264706 0.332385 0.376612 0.022842
1 0.269302 0.307527 0.382133 0.021418
1 0.293200 0.276276 0.323310 0.024261