0 0.702204 0.791194 0.020000 0.020000
0 0.740808 0.761364 0.020000 0.020000
0 0.784925 0.759945 0.020000 0.020000
0 0.832722 0.789770 0.020000 0.020000
0 0.830886 0.846594 0.020000 0.020000
0 0.715075 0.845170 0.020000 0.020000
0 0.698525 0.247158 0.020000 0.020000
0 0.755514 0.241479 0.020000 0.020000
0 0.707718 0.186079 0.020000 0.020000
0 0.698525 0.147727 0.020000 0.020000
0 0.704047 0.066764 0.020000 0.020000
0 0.803310 0.072442 0.020000 0.020000
0 0.790439 0.144885 0.020000 0.020000
0 0.799631 0.180400 0.020000 0.020000
0 0.261027 0.335224 0.020000 0.020000
0 0.250000 0.346594 0.020000 0.020000
0 0.288604 0.336648 0.020000 0.020000
0 0.290439 0.352273 0.020000 0.020000
0 0.332722 0.336648 0.020000 0.020000
0 0.334557 0.357952 0.020000 0.020000
0 0.367647 0.336648 0.020000 0.020000
0 0.371325 0.353691 0.020000 0.020000
0 0.398894 0.336648 0.020000 0.020000
0 0.408086 0.355115 0.020000 0.020000
0 0.444855 0.340909 0.020000 0.020000
0 0.454047 0.360794 0.020000 0.020000
0 0.481616 0.335224 0.020000 0.020000
0 0.488973 0.360794 0.020000 0.020000
0 0.533090 0.336648 0.020000 0.020000
0 0.531247 0.365055 0.020000 0.020000
0 0.566180 0.342327 0.020000 0.020000
0 0.568016 0.359376 0.020000 0.020000
0 0.608455 0.335224 0.020000 0.020000
0 0.612133 0.352273 0.020000 0.020000
0 0.647059 0.340909 0.020000 0.020000
0 0.661765 0.356533 0.020000 0.020000
0 0.691176 0.336648 0.020000 0.020000
0 0.689341 0.353691 0.020000 0.020000
0 0.720588 0.335224 0.020000 0.020000
0 0.731616 0.352273 0.020000 0.020000
0 0.773898 0.339491 0.020000 0.020000
0 0.783090 0.350855 0.020000 0.020000
0 0.808824 0.338067 0.020000 0.020000
0 0.814337 0.355115 0.020000 0.020000
0 0.812502 0.406248 0.020000 0.020000
0 0.797796 0.427558 0.020000 0.020000
0 0.770220 0.410509 0.020000 0.020000
0 0.766541 0.427558 0.020000 0.020000
0 0.738973 0.410509 0.020000 0.020000
0 0.724267 0.437503 0.020000 0.020000
0 0.683827 0.410509 0.020000 0.020000
0 0.683827 0.427558 0.020000 0.020000
0 0.656251 0.411933 0.020000 0.020000
0 0.648894 0.434661 0.020000 0.020000
0 0.613969 0.413352 0.020000 0.020000
0 0.606620 0.426133 0.020000 0.020000
0 0.582722 0.406248 0.020000 0.020000
0 0.566180 0.433236 0.020000 0.020000
0 0.531247 0.417612 0.020000 0.020000
0 0.531247 0.421873 0.020000 0.020000
0 0.492643 0.406248 0.020000 0.020000
0 0.476102 0.430400 0.020000 0.020000
0 0.452204 0.411933 0.020000 0.020000
0 0.448533 0.430400 0.020000 0.020000
0 0.395224 0.404830 0.020000 0.020000
0 0.404408 0.430400 0.020000 0.020000
0 0.356620 0.410509 0.020000 0.020000
0 0.362133 0.431818 0.020000 0.020000
0 0.318016 0.409091 0.020000 0.020000
0 0.273898 0.416194 0.020000 0.020000
0 0.231616 0.416194 0.020000 0.020000
0 0.251835 0.430400 0.020000 0.020000
0 0.292282 0.431818 0.020000 0.020000
0 0.325365 0.428976 0.020000 0.020000
0 0.242651 0.700285 0.020000 0.020000
0 0.250000 0.720170 0.020000 0.020000
0 0.312502 0.697442 0.020000 0.020000
0 0.273898 0.703127 0.020000 0.020000
0 0.351106 0.701703 0.020000 0.020000
0 0.400737 0.701703 0.020000 0.020000
0 0.446690 0.704545 0.020000 0.020000
0 0.487129 0.700285 0.020000 0.020000
0 0.512871 0.700285 0.020000 0.020000
0 0.558824 0.700285 0.020000 0.020000
0 0.608455 0.701703 0.020000 0.020000
0 0.648894 0.701703 0.020000 0.020000
0 0.680149 0.700285 0.020000 0.020000
0 0.724267 0.693182 0.020000 0.020000
0 0.748165 0.700285 0.020000 0.020000
0 0.799631 0.697442 0.020000 0.020000
0 0.805145 0.724430 0.020000 0.020000
0 0.748165 0.720170 0.020000 0.020000
0 0.709561 0.718752 0.020000 0.020000
0 0.670957 0.723012 0.020000 0.020000
0 0.641545 0.717327 0.020000 0.020000
0 0.606620 0.718752 0.020000 0.020000
0 0.564337 0.721588 0.020000 0.020000
0 0.520220 0.718752 0.020000 0.020000
0 0.465075 0.718752 0.020000 0.020000
0 0.492643 0.717327 0.020000 0.020000
0 0.437498 0.721588 0.020000 0.020000
0 0.404408 0.721588 0.020000 0.020000
0 0.369482 0.720170 0.020000 0.020000
0 0.329043 0.721588 0.020000 0.020000
0 0.294118 0.721588 0.020000 0.020000
0 0.238973 0.646309 0.020000 0.020000
0 0.238973 0.626418 0.020000 0.020000
0 0.292282 0.626418 0.020000 0.020000
0 0.292282 0.639206 0.020000 0.020000
0 0.329043 0.646309 0.020000 0.020000
0 0.323529 0.630679 0.020000 0.020000
0 0.369482 0.632103 0.020000 0.020000
0 0.373161 0.639206 0.020000 0.020000
0 0.408086 0.637782 0.020000 0.020000
0 0.402573 0.632103 0.020000 0.020000
0 0.459561 0.630679 0.020000 0.020000
0 0.452204 0.640624 0.020000 0.020000
0 0.490808 0.644885 0.020000 0.020000
0 0.481616 0.629261 0.020000 0.020000
0 0.511027 0.629261 0.020000 0.020000
0 0.529412 0.640624 0.020000 0.020000
0 0.562502 0.639206 0.020000 0.020000
0 0.564337 0.627842 0.020000 0.020000
0 0.597427 0.627842 0.020000 0.020000
0 0.606620 0.639206 0.020000 0.020000
0 0.656251 0.637782 0.020000 0.020000
0 0.648894 0.627842 0.020000 0.020000
0 0.687498 0.622158 0.020000 0.020000
0 0.687498 0.650570 0.020000 0.020000
0 0.729780 0.642048 0.020000 0.020000
0 0.727937 0.626418 0.020000 0.020000
0 0.762871 0.627842 0.020000 0.020000
0 0.812502 0.630679 0.020000 0.020000
0 0.808824 0.651988 0.020000 0.020000
0 0.779412 0.644885 0.020000 0.020000
0 0.770220 0.575285 0.020000 0.020000
0 0.759192 0.555400 0.020000 0.020000
0 0.799631 0.553976 0.020000 0.020000
0 0.805145 0.571024 0.020000 0.020000
0 0.768384 0.501418 0.020000 0.020000
0 0.764706 0.488636 0.020000 0.020000
0 0.821694 0.488636 0.020000 0.020000
0 0.797796 0.497158 0.020000 0.020000
0 0.242651 0.478691 0.020000 0.020000
0 0.240808 0.492897 0.020000 0.020000
0 0.281247 0.478691 0.020000 0.020000
0 0.283090 0.501418 0.020000 0.020000
0 0.325365 0.478691 0.020000 0.020000
0 0.325365 0.492897 0.020000 0.020000
0 0.362133 0.481533 0.020000 0.020000
0 0.369482 0.500000 0.020000 0.020000
0 0.408086 0.484376 0.020000 0.020000
0 0.408086 0.504261 0.020000 0.020000
0 0.450369 0.485794 0.020000 0.020000
0 0.450369 0.495739 0.020000 0.020000
0 0.492643 0.478691 0.020000 0.020000
0 0.490808 0.507103 0.020000 0.020000
0 0.538604 0.480115 0.020000 0.020000
0 0.534925 0.501418 0.020000 0.020000
0 0.573529 0.475855 0.020000 0.020000
0 0.571694 0.501418 0.020000 0.020000
0 0.604776 0.475855 0.020000 0.020000
0 0.606620 0.500000 0.020000 0.020000
0 0.630518 0.478691 0.020000 0.020000
0 0.647059 0.495739 0.020000 0.020000
0 0.694855 0.478691 0.020000 0.020000
0 0.693012 0.511364 0.020000 0.020000
0 0.718753 0.485794 0.020000 0.020000
0 0.722424 0.500000 0.020000 0.020000
0 0.250000 0.556818 0.020000 0.020000
0 0.250000 0.566764 0.020000 0.020000
0 0.279412 0.561079 0.020000 0.020000
0 0.281247 0.580964 0.020000 0.020000
0 0.330886 0.555400 0.020000 0.020000
0 0.323529 0.579545 0.020000 0.020000
0 0.367647 0.556818 0.020000 0.020000
0 0.365812 0.575285 0.020000 0.020000
0 0.411765 0.555400 0.020000 0.020000
0 0.413600 0.576703 0.020000 0.020000
0 0.444855 0.552558 0.020000 0.020000
0 0.446690 0.573861 0.020000 0.020000
0 0.505514 0.553976 0.020000 0.020000
0 0.494486 0.573861 0.020000 0.020000
0 0.529412 0.549715 0.020000 0.020000
0 0.531247 0.572442 0.020000 0.020000
0 0.558824 0.558236 0.020000 0.020000
0 0.568016 0.576703 0.020000 0.020000
0 0.610290 0.555400 0.020000 0.020000
0 0.606620 0.572442 0.020000 0.020000
0 0.626839 0.553976 0.020000 0.020000
0 0.650737 0.573861 0.020000 0.020000
0 0.685663 0.552558 0.020000 0.020000
0 0.687498 0.571024 0.020000 0.020000
0 0.722424 0.549715 0.020000 0.020000
0 0.724267 0.569600 0.020000 0.020000