0 0.075365 0.051136 0.020000 0.020000
0 0.347424 0.052555 0.020000 0.020000
1 0.399815 0.375000 0.106394 0.020000
1 0.400735 0.392045 0.100882 0.022836
1 0.400735 0.409091 0.089847 0.020000
2 0.261029 0.107245 0.400741 0.092327
2 0.540441 0.082386 0.161765 0.045455
2 0.545038 0.127841 0.152571 0.042609
2 0.539521 0.174007 0.159924 0.044032
2 0.355700 0.176848 0.200365 0.041195
2 0.155332 0.175425 0.196688 0.049714
2 0.253676 0.221591 0.397059 0.048291
2 0.542279 0.223014 0.165441 0.039773
2 0.704965 0.223009 0.159929 0.045455
2 0.543197 0.259941 0.167276 0.028409
2 0.703126 0.262075 0.163606 0.029832
2 0.540441 0.286223 0.161765 0.026991
2 0.702206 0.291193 0.158082 0.031250
2 0.618568 0.355114 0.329041 0.099427
2 0.252756 0.326705 0.380512 0.042609