0 0.459559 0.211645 0.020000 0.020000
2 0.358456 0.132102 0.621324 0.042614
2 0.808824 0.134232 0.283082 0.038355
2 0.810659 0.188211 0.279412 0.063923
2 0.250000 0.186080 0.393388 0.071023
2 0.172794 0.365059 0.257353 0.028409
2 0.381435 0.365768 0.159929 0.026991
2 0.523900 0.364345 0.125000 0.024145
2 0.680147 0.363636 0.187494 0.025564
2 0.859374 0.363636 0.170959 0.025564
2 0.174635 0.396305 0.250000 0.028409
2 0.381435 0.395595 0.159929 0.029827
2 0.525735 0.394886 0.128671 0.031245
2 0.682903 0.394886 0.185665 0.031245
2 0.861212 0.393464 0.178306 0.034091
2 0.862132 0.424716 0.172794 0.031250
2 0.685662 0.425425 0.180147 0.029832
2 0.528494 0.425425 0.130518 0.029832
2 0.380515 0.424716 0.165441 0.031250
2 0.170956 0.424005 0.253676 0.029827
2 0.174632 0.450993 0.261029 0.024150
2 0.385112 0.455966 0.156247 0.031250
2 0.527574 0.458098 0.128676 0.035514
2 0.681985 0.459518 0.180147 0.032673
2 0.860294 0.458095 0.176471 0.029827
2 0.863050 0.483664 0.174629 0.024145
2 0.682903 0.485795 0.185665 0.019882
2 0.526653 0.488636 0.126835 0.022727
2 0.387868 0.484375 0.150735 0.031250
2 0.181985 0.486507 0.261029 0.035514
2 0.174632 0.515627 0.246324 0.022727
2 0.378676 0.514205 0.161765 0.025573
2 0.523897 0.517045 0.128676 0.028409
2 0.681065 0.515625 0.185659 0.031250
2 0.863971 0.515625 0.180153 0.031250
2 0.863053 0.546166 0.181988 0.029832
2 0.681065 0.545455 0.181988 0.031255
2 0.527571 0.544032 0.125000 0.028409
2 0.379594 0.546875 0.156247 0.036932
2 0.176471 0.546164 0.253671 0.032673
2 0.173715 0.577414 0.248159 0.029827
2 0.377759 0.578123 0.156247 0.028409
2 0.522059 0.577414 0.139706 0.029827
2 0.684744 0.576705 0.185665 0.031245
2 0.863971 0.575286 0.169118 0.028409
2 0.863050 0.608666 0.174629 0.029832
2 0.683824 0.607955 0.183824 0.031255
2 0.528491 0.605823 0.126841 0.026991
2 0.382353 0.607245 0.165435 0.024145
2 0.174635 0.609377 0.250000 0.028409
2 0.173715 0.638495 0.248159 0.029827
2 0.384191 0.637073 0.165441 0.032673
2 0.526656 0.638493 0.119488 0.032668
2 0.681068 0.639205 0.189335 0.031245
2 0.863971 0.637075 0.176471 0.026986
2 0.863050 0.666193 0.178312 0.031250
2 0.681982 0.668323 0.183824 0.026991
2 0.522976 0.668323 0.134188 0.026991
2 0.379594 0.666905 0.152576 0.029827
2 0.174629 0.666195 0.257353 0.028409
2 0.175550 0.695314 0.259194 0.029827
2 0.378676 0.698152 0.158082 0.029832
2 0.524815 0.697441 0.134194 0.028409
2 0.681985 0.695311 0.180147 0.032668
2 0.863053 0.695311 0.181988 0.032668
2 0.863053 0.727273 0.181988 0.031255
2 0.678309 0.726564 0.187500 0.032673
2 0.527571 0.728691 0.125000 0.034091
2 0.385109 0.728691 0.159924 0.034091
2 0.174632 0.727273 0.261029 0.031255
2 0.170953 0.759945 0.250000 0.034091
2 0.382353 0.762786 0.172800 0.028409
2 0.530332 0.762786 0.123159 0.028409
2 0.683824 0.762786 0.183824 0.028409
2 0.864891 0.757811 0.178312 0.024150
2 0.865812 0.786932 0.176471 0.034091
2 0.685665 0.789061 0.183824 0.029832
2 0.524818 0.789773 0.126835 0.025564
2 0.388788 0.788350 0.145224 0.028409
2 0.180147 0.786932 0.268388 0.025573
2 0.174635 0.816052 0.250000 0.032668
2 0.376841 0.817470 0.154412 0.029832
2 0.521141 0.816759 0.134188 0.028409
2 0.680147 0.818182 0.183824 0.025564
2 0.861212 0.820314 0.178306 0.029827
2 0.863050 0.850141 0.163606 0.029827
2 0.684744 0.847300 0.185665 0.032673
2 0.529412 0.848720 0.125000 0.035514
2 0.385112 0.848011 0.156247 0.036932
2 0.183824 0.848723 0.253671 0.026991
2 0.177391 0.880682 0.255512 0.036927
2 0.384188 0.880682 0.147059 0.028409
2 0.522059 0.879261 0.128682 0.031250
2 0.677388 0.878552 0.189341 0.035514
2 0.863971 0.879973 0.183824 0.032673
2 0.175550 0.909800 0.255512 0.024145
2 0.382353 0.907668 0.158094 0.028409
2 0.522979 0.906250 0.123159 0.025573
2 0.683824 0.908380 0.176471 0.026986
2 0.862132 0.912643 0.172794 0.032668