0 0.462097 0.883522 0.020000 0.020000
0 0.488442 0.883522 0.020000 0.020000
0 0.515885 0.884941 0.020000 0.020000
0 0.514788 0.818180 0.020000 0.020000
0 0.488442 0.815341 0.020000 0.020000
0 0.455515 0.815341 0.020000 0.020000
0 0.464297 0.747161 0.020000 0.020000
0 0.487345 0.745741 0.020000 0.020000
0 0.515885 0.738635 0.020000 0.020000
0 0.518079 0.651992 0.020000 0.020000
0 0.496127 0.656251 0.020000 0.020000
0 0.468685 0.657671 0.020000 0.020000
0 0.459903 0.561082 0.020000 0.020000
0 0.484055 0.571020 0.020000 0.020000
0 0.520273 0.568180 0.020000 0.020000
0 0.520273 0.492894 0.020000 0.020000
0 0.490636 0.497161 0.020000 0.020000
0 0.467588 0.492894 0.020000 0.020000
0 0.463200 0.411929 0.020000 0.020000
0 0.492830 0.413349 0.020000 0.020000
0 0.516982 0.413349 0.020000 0.020000
0 0.518079 0.328125 0.020000 0.020000
0 0.464297 0.322447 0.020000 0.020000
0 0.487345 0.325286 0.020000 0.020000
0 0.464297 0.146306 0.020000 0.020000
0 0.486248 0.149145 0.020000 0.020000
0 0.514788 0.146306 0.020000 0.020000
2 0.720039 0.146306 0.375388 0.113631
2 0.717845 0.322443 0.384164 0.093749
2 0.717845 0.411933 0.384164 0.085231
2 0.718942 0.490059 0.379776 0.062502
2 0.719491 0.566051 0.380873 0.086643
2 0.720039 0.654118 0.379776 0.089490
2 0.718942 0.741478 0.377582 0.085231
2 0.717297 0.813212 0.380873 0.058235
2 0.716200 0.884941 0.378679 0.085224