0 0.049631 0.688921 0.020000 0.020000
0 0.058824 0.654830 0.020000 0.020000
0 0.055145 0.562497 0.020000 0.020000
0 0.055145 0.467327 0.020000 0.020000
0 0.051467 0.420455 0.020000 0.020000
0 0.056988 0.333806 0.020000 0.020000
0 0.051467 0.301133 0.020000 0.020000
0 0.060659 0.228691 0.020000 0.020000
0 0.051467 0.200285 0.020000 0.020000
0 0.060659 0.150570 0.020000 0.020000
0 0.055145 0.127842 0.020000 0.020000
0 0.056988 0.096594 0.020000 0.020000
0 0.055145 0.073861 0.020000 0.020000
1 0.727024 0.739348 0.400510 0.024261
1 0.737133 0.676848 0.417059 0.027103
1 0.734373 0.644888 0.407867 0.022842
1 0.729780 0.555397 0.406024 0.025679
1 0.699447 0.455967 0.477718 0.025679
1 0.822608 0.404118 0.238753 0.029945
1 0.498161 0.405539 0.240588 0.027103
2 0.399816 0.930397 0.715067 0.039776
2 0.859376 0.936079 0.189341 0.036933