0 0.689341 0.877842 0.020000 0.020000
0 0.687498 0.856533 0.020000 0.020000
0 0.681984 0.836648 0.020000 0.020000
0 0.683827 0.821024 0.020000 0.020000
0 0.681984 0.799715 0.020000 0.020000
0 0.681984 0.789770 0.020000 0.020000
0 0.683827 0.776988 0.020000 0.020000
0 0.683827 0.752842 0.020000 0.020000
0 0.685663 0.734376 0.020000 0.020000
0 0.683827 0.681818 0.020000 0.020000
0 0.687498 0.663352 0.020000 0.020000
0 0.685663 0.640624 0.020000 0.020000
0 0.681984 0.627842 0.020000 0.020000
0 0.685663 0.602273 0.020000 0.020000
0 0.746322 0.586648 0.020000 0.020000
0 0.738973 0.606533 0.020000 0.020000
0 0.683827 0.616479 0.020000 0.020000
0 0.744486 0.623582 0.020000 0.020000
0 0.742643 0.640624 0.020000 0.020000
0 0.750000 0.659091 0.020000 0.020000
0 0.746322 0.674715 0.020000 0.020000
0 0.746322 0.741479 0.020000 0.020000
0 0.748165 0.761364 0.020000 0.020000
0 0.744486 0.771309 0.020000 0.020000
0 0.750000 0.786933 0.020000 0.020000
0 0.748165 0.809661 0.020000 0.020000
0 0.744486 0.828127 0.020000 0.020000
0 0.746322 0.846594 0.020000 0.020000
0 0.748165 0.859376 0.020000 0.020000
0 0.748165 0.883521 0.020000 0.020000
0 0.384188 0.536933 0.020000 0.020000
0 0.444855 0.541194 0.020000 0.020000
0 0.681984 0.511364 0.020000 0.020000
0 0.740808 0.505685 0.020000 0.020000
0 0.610290 0.453127 0.020000 0.020000
0 0.772055 0.458806 0.020000 0.020000
0 0.444855 0.450285 0.020000 0.020000
0 0.295953 0.454545 0.020000 0.020000
0 0.292282 0.424715 0.020000 0.020000
0 0.288604 0.404830 0.020000 0.020000
0 0.290439 0.384945 0.020000 0.020000
0 0.386031 0.382103 0.020000 0.020000
0 0.492643 0.387782 0.020000 0.020000
0 0.580878 0.384945 0.020000 0.020000
0 0.707718 0.392048 0.020000 0.020000
0 0.762871 0.401988 0.020000 0.020000
0 0.865812 0.386364 0.020000 0.020000
0 0.746322 0.339491 0.020000 0.020000
0 0.681984 0.335224 0.020000 0.020000
0 0.612133 0.420455 0.020000 0.020000
0 0.606620 0.404830 0.020000 0.020000
0 0.441176 0.420455 0.020000 0.020000
0 0.446690 0.410509 0.020000 0.020000
0 0.299631 0.332388 0.020000 0.020000
0 0.411765 0.321024 0.020000 0.020000
0 0.415443 0.306818 0.020000 0.020000
0 0.468753 0.301133 0.020000 0.020000
0 0.461396 0.318182 0.020000 0.020000
0 0.369482 0.332388 0.020000 0.020000
0 0.536769 0.318182 0.020000 0.020000
0 0.825365 0.296873 0.020000 0.020000
0 0.876839 0.299715 0.020000 0.020000
0 0.858455 0.279830 0.020000 0.020000
0 0.772055 0.279830 0.020000 0.020000
0 0.656251 0.278406 0.020000 0.020000
0 0.443012 0.279830 0.020000 0.020000
0 0.363969 0.282673 0.020000 0.020000
0 0.374996 0.267042 0.020000 0.020000
0 0.306988 0.261364 0.020000 0.020000
0 0.303310 0.279830 0.020000 0.020000
0 0.121325 0.125000 0.020000 0.020000
0 0.121325 0.140624 0.020000 0.020000
0 0.125004 0.157673 0.020000 0.020000
0 0.125004 0.176133 0.020000 0.020000
0 0.125004 0.190339 0.020000 0.020000
0 0.126839 0.211648 0.020000 0.020000
0 0.358455 0.211648 0.020000 0.020000
0 0.356620 0.191764 0.020000 0.020000
0 0.358455 0.177558 0.020000 0.020000
0 0.360290 0.157673 0.020000 0.020000
0 0.354776 0.140624 0.020000 0.020000
0 0.365812 0.123582 0.020000 0.020000
0 0.639702 0.123582 0.020000 0.020000
0 0.643380 0.139206 0.020000 0.020000
0 0.639702 0.160509 0.020000 0.020000
0 0.643380 0.177558 0.020000 0.020000
1 0.487129 0.902700 0.266322 0.024261
1 0.413604 0.078127 0.380290 0.020000
1 0.818016 0.078124 0.233239 0.022842
1 0.819855 0.529118 0.222204 0.024261
1 0.761949 0.545455 0.349043 0.020000
1 0.868569 0.567473 0.132133 0.021418
1 0.695773 0.563918 0.110071 0.022842
1 0.418200 0.584518 0.268165 0.024261
1 0.500918 0.567473 0.110071 0.021418
1 0.325365 0.561791 0.119263 0.024261
1 0.450365 0.530539 0.288384 0.021418
1 0.396137 0.514915 0.121106 0.021418
1 0.569855 0.458097 0.064118 0.021418
1 0.734373 0.458806 0.065953 0.020000
1 0.882353 0.458097 0.067796 0.021418
1 0.401655 0.460227 0.076988 0.022842
1 0.404412 0.430400 0.067788 0.020000
1 0.552392 0.430400 0.110071 0.020000
1 0.770220 0.427558 0.100878 0.020000
1 0.389706 0.411221 0.082502 0.021424
1 0.564337 0.412642 0.071467 0.024267
1 0.718749 0.409800 0.086173 0.021418
1 0.889706 0.414064 0.071475 0.021424
1 0.615808 0.289061 0.075145 0.021418
1 0.748165 0.272018 0.148675 0.021418
1 0.260110 0.129261 0.165224 0.020000
1 0.258271 0.148436 0.150518 0.021418
1 0.255514 0.168324 0.163388 0.021424
1 0.271141 0.184661 0.132133 0.020000
1 0.269302 0.202415 0.143169 0.021424
1 0.261945 0.220879 0.146839 0.027103
1 0.534925 0.220879 0.148675 0.021418
1 0.534925 0.203127 0.137647 0.020000
1 0.548710 0.185370 0.132133 0.021418
1 0.534925 0.165485 0.174416 0.021418
1 0.522976 0.151279 0.172573 0.021418
1 0.515624 0.129970 0.183608 0.021418
1 0.848345 0.129970 0.157867 0.027103
1 0.840075 0.150567 0.174408 0.022842
1 0.841910 0.166903 0.163380 0.021418
1 0.823529 0.186791 0.203827 0.021424