0 0.468753 0.592327 0.020000 0.020000
0 0.487129 0.613636 0.020000 0.020000
0 0.830882 0.595173 0.020000 0.020000
0 0.838235 0.617900 0.020000 0.020000
0 0.840071 0.886364 0.020000 0.020000
0 0.465071 0.889205 0.020000 0.020000
2 0.285844 0.250709 0.240806 0.044036
2 0.402574 0.294036 0.136029 0.011364
2 0.403494 0.307530 0.134188 0.015623
2 0.400735 0.325993 0.128671 0.021305
2 0.400735 0.343750 0.128671 0.014209
2 0.403494 0.358666 0.134188 0.015623
2 0.404412 0.376420 0.132353 0.019886
2 0.698529 0.740768 0.477941 0.200282