0 0.154412 0.106536 0.020000 0.020000
0 0.323529 0.109373 0.020000 0.020000
0 0.406247 0.127841 0.020000 0.020000
0 0.255518 0.127841 0.020000 0.020000
0 0.156247 0.129264 0.020000 0.020000
0 0.152576 0.163355 0.020000 0.020000
0 0.231618 0.160509 0.020000 0.020000
0 0.325365 0.160509 0.020000 0.020000
0 0.150735 0.346591 0.020000 0.020000
0 0.257353 0.342327 0.020000 0.020000
0 0.323529 0.379264 0.020000 0.020000
0 0.235294 0.377841 0.020000 0.020000
0 0.152576 0.375000 0.020000 0.020000
0 0.148894 0.399145 0.020000 0.020000
0 0.248165 0.396309 0.020000 0.020000
0 0.150735 0.433236 0.020000 0.020000
0 0.148894 0.241477 0.020000 0.020000
0 0.231618 0.295455 0.020000 0.020000
0 0.316176 0.296873 0.020000 0.020000
0 0.158088 0.633523 0.020000 0.020000
0 0.156247 0.661932 0.020000 0.020000
0 0.159929 0.681818 0.020000 0.020000
0 0.415441 0.680400 0.020000 0.020000
0 0.404412 0.762782 0.020000 0.020000
0 0.257353 0.764205 0.020000 0.020000
0 0.145224 0.764205 0.020000 0.020000
0 0.148894 0.795455 0.020000 0.020000
0 0.231618 0.791191 0.020000 0.020000
0 0.248165 0.815341 0.020000 0.020000
0 0.402576 0.813918 0.020000 0.020000
0 0.148894 0.906250 0.020000 0.020000
0 0.262871 0.903409 0.020000 0.020000
0 0.402576 0.901991 0.020000 0.020000
0 0.314341 0.936082 0.020000 0.020000
0 0.224265 0.934659 0.020000 0.020000
0 0.404412 0.346591 0.020000 0.020000
0 0.240812 0.664773 0.020000 0.020000
0 0.325365 0.664773 0.020000 0.020000
0 0.266541 0.680400 0.020000 0.020000
0 0.154412 0.710227 0.020000 0.020000
0 0.413600 0.636364 0.020000 0.020000
0 0.468753 0.663355 0.020000 0.020000