0 0.112129 0.745736 0.020000 0.020000
0 0.119482 0.772727 0.020000 0.020000
0 0.404412 0.744318 0.020000 0.020000
1 0.555147 0.284800 0.159706 0.021418
1 0.817097 0.286220 0.235076 0.021423
1 0.869485 0.340200 0.148676 0.021418
1 0.863971 0.363636 0.156035 0.020000
1 0.873162 0.390627 0.170735 0.020000
1 0.871324 0.414064 0.174412 0.021418
1 0.870406 0.436082 0.176247 0.020000
1 0.869485 0.475855 0.163382 0.020000
1 0.867647 0.502841 0.159706 0.020000
1 0.866729 0.528409 0.154188 0.022836
1 0.871324 0.552555 0.156035 0.020000
1 0.878676 0.577414 0.156035 0.024264
1 0.876838 0.600141 0.163382 0.027100
1 0.873162 0.627132 0.163382 0.027100
1 0.566176 0.774857 0.678094 0.021423
1 0.853859 0.846591 0.198306 0.022836
1 0.396138 0.848009 0.613747 0.020000
1 0.602941 0.822443 0.597200 0.022841
1 0.561582 0.797584 0.687282 0.021423
1 0.507353 0.909800 0.457506 0.021418
1 0.223344 0.942473 0.356394 0.021418
1 0.595588 0.941764 0.288376 0.020000
1 0.854779 0.941050 0.178088 0.024264