0 0.077206 0.423295 0.020000 0.020000
0 0.079047 0.454545 0.020000 0.020000
0 0.079047 0.487218 0.020000 0.020000
0 0.082718 0.552555 0.020000 0.020000
0 0.079047 0.613636 0.020000 0.020000
0 0.073529 0.680400 0.020000 0.020000
0 0.079047 0.725855 0.020000 0.020000
0 0.077206 0.774145 0.020000 0.020000
1 0.471506 0.492189 0.165224 0.021423
1 0.243565 0.512784 0.106400 0.022841
1 0.529412 0.559659 0.222212 0.020000
1 0.387865 0.575995 0.130294 0.024264
1 0.799632 0.580257 0.200147 0.024259
1 0.381432 0.623582 0.176253 0.020000
1 0.595588 0.691761 0.181765 0.022841
1 0.336397 0.735084 0.178088 0.021423
2 0.875000 0.237218 0.165435 0.034091
2 0.873162 0.269177 0.165441 0.029827
2 0.871324 0.300427 0.158082 0.032673
2 0.870403 0.332386 0.159924 0.031245
2 0.789521 0.191761 0.325371 0.025568
2 0.793200 0.159091 0.340071 0.028409
2 0.785847 0.130682 0.325365 0.028409
2 0.787682 0.101561 0.321694 0.029832
2 0.557903 0.107955 0.137865 0.042618
2 0.363971 0.109375 0.250000 0.036932
2 0.139706 0.112214 0.198529 0.039773
2 0.335479 0.237214 0.590076 0.210227