0 0.375000 0.039773 0.020000 0.020000
0 0.461400 0.044036 0.020000 0.020000
0 0.542282 0.042614 0.020000 0.020000
0 0.566176 0.038355 0.020000 0.020000
0 0.604776 0.036932 0.020000 0.020000
0 0.069853 0.157673 0.020000 0.020000
0 0.069853 0.227273 0.020000 0.020000
0 0.088235 0.794036 0.020000 0.020000
0 0.156247 0.796873 0.020000 0.020000
0 0.159929 0.762782 0.020000 0.020000
0 0.080882 0.764205 0.020000 0.020000
0 0.088235 0.701705 0.020000 0.020000
0 0.161765 0.707386 0.020000 0.020000
0 0.325365 0.676136 0.020000 0.020000
0 0.382353 0.674718 0.020000 0.020000
0 0.420953 0.671873 0.020000 0.020000
0 0.476106 0.677555 0.020000 0.020000
0 0.518382 0.678977 0.020000 0.020000
0 0.575365 0.678977 0.020000 0.020000
0 0.137871 0.468750 0.020000 0.020000
0 0.200365 0.467327 0.020000 0.020000
0 0.255518 0.468750 0.020000 0.020000
0 0.318012 0.468750 0.020000 0.020000
0 0.373165 0.465909 0.020000 0.020000
0 0.375000 0.487218 0.020000 0.020000
0 0.316176 0.485795 0.020000 0.020000
0 0.251835 0.485795 0.020000 0.020000
0 0.198529 0.488636 0.020000 0.020000
0 0.130518 0.484373 0.020000 0.020000
0 0.139706 0.511364 0.020000 0.020000
0 0.141541 0.526991 0.020000 0.020000
0 0.139706 0.559659 0.020000 0.020000
0 0.137871 0.579545 0.020000 0.020000
0 0.204047 0.573864 0.020000 0.020000
0 0.204047 0.561082 0.020000 0.020000
0 0.196694 0.528409 0.020000 0.020000
0 0.196694 0.512782 0.020000 0.020000
0 0.259188 0.514205 0.020000 0.020000
0 0.251835 0.534091 0.020000 0.020000
0 0.259188 0.558236 0.020000 0.020000
0 0.264706 0.576705 0.020000 0.020000
0 0.316176 0.582386 0.020000 0.020000
0 0.316176 0.565341 0.020000 0.020000
0 0.316176 0.531250 0.020000 0.020000
0 0.314341 0.519886 0.020000 0.020000
0 0.376835 0.515627 0.020000 0.020000
0 0.375000 0.531250 0.020000 0.020000
0 0.376835 0.563918 0.020000 0.020000
0 0.376835 0.573864 0.020000 0.020000
0 0.523894 0.471591 0.020000 0.020000
0 0.525735 0.515627 0.020000 0.020000
0 0.586400 0.515627 0.020000 0.020000
0 0.579047 0.468750 0.020000 0.020000
0 0.643382 0.470173 0.020000 0.020000
0 0.641541 0.518464 0.020000 0.020000
0 0.696694 0.518464 0.020000 0.020000
0 0.700365 0.470173 0.020000 0.020000
0 0.762871 0.470173 0.020000 0.020000
0 0.757353 0.508523 0.020000 0.020000
1 0.778491 0.178266 0.323312 0.021423
1 0.704044 0.099432 0.450147 0.022845
1 0.457721 0.880682 0.075147 0.020000
1 0.407171 0.906250 0.058600 0.020000
1 0.471509 0.927555 0.058606 0.020000
1 0.447609 0.951705 0.069629 0.020000
1 0.664521 0.238636 0.595371 0.020000
2 0.499079 0.292614 0.902571 0.039773