0 0.504307 0.845170 0.020000 0.020000
0 0.620506 0.845170 0.020000 0.020000
0 0.508958 0.877843 0.020000 0.020000
0 0.627483 0.877843 0.020000 0.020000
0 0.508958 0.910511 0.020000 0.020000
0 0.620506 0.916193 0.020000 0.020000
0 0.622832 0.933238 0.020000 0.020000
0 0.513602 0.930399 0.020000 0.020000
0 0.420646 0.948865 0.020000 0.020000
0 0.485715 0.953126 0.020000 0.020000
0 0.564732 0.953126 0.020000 0.020000
0 0.499663 0.977274 0.020000 0.020000
0 0.525224 0.977274 0.020000 0.020000
0 0.550785 0.978695 0.020000 0.020000
0 0.583324 0.980112 0.020000 0.020000
0 0.601915 0.977274 0.020000 0.020000
0 0.629802 0.975852 0.020000 0.020000
0 0.650719 0.977274 0.020000 0.020000
0 0.673962 0.978695 0.020000 0.020000
0 0.629802 0.951704 0.020000 0.020000
0 0.501981 0.862215 0.020000 0.020000
0 0.529875 0.863637 0.020000 0.020000
0 0.555437 0.862215 0.020000 0.020000
0 0.576354 0.860794 0.020000 0.020000
0 0.599589 0.863637 0.020000 0.020000
0 0.622832 0.862215 0.020000 0.020000
0 0.648393 0.857955 0.020000 0.020000
0 0.678606 0.863637 0.020000 0.020000
0 0.244021 0.563919 0.020000 0.020000
0 0.271908 0.568184 0.020000 0.020000
0 0.297469 0.566762 0.020000 0.020000
0 0.318386 0.566762 0.020000 0.020000
0 0.353250 0.566762 0.020000 0.020000
0 0.371842 0.566762 0.020000 0.020000
0 0.395077 0.565341 0.020000 0.020000
0 0.420646 0.566762 0.020000 0.020000
0 0.255642 0.352274 0.020000 0.020000
0 0.367190 0.350852 0.020000 0.020000
0 0.450858 0.292614 0.020000 0.020000
0 0.553111 0.289771 0.020000 0.020000
0 0.102260 0.211646 0.020000 0.020000
0 0.176625 0.211646 0.020000 0.020000
0 0.232399 0.211646 0.020000 0.020000
0 0.797131 0.208807 0.020000 0.020000
0 0.822700 0.211646 0.020000 0.020000
0 0.848261 0.210229 0.020000 0.020000
0 0.878474 0.210229 0.020000 0.020000
0 0.892414 0.211646 0.020000 0.020000
0 0.915657 0.213067 0.020000 0.020000
0 0.948195 0.211646 0.020000 0.020000
0 0.980726 0.210229 0.020000 0.020000
1 0.662340 0.110085 0.656772 0.021417
1 0.655367 0.127132 0.670719 0.021422
1 0.656533 0.142756 0.682340 0.021422
1 0.661178 0.160513 0.659098 0.025682
1 0.572865 0.191762 0.840374 0.022843
1 0.586812 0.213067 0.194299 0.022843
1 0.275393 0.232953 0.282612 0.025682
1 0.314901 0.247868 0.245429 0.021422
1 0.845935 0.232955 0.275642 0.022843
1 0.843613 0.252841 0.289589 0.025682
1 0.263775 0.271305 0.305847 0.020000
1 0.574028 0.308238 0.842700 0.022843
1 0.567054 0.326704 0.847344 0.022843
1 0.361383 0.372157 0.287256 0.020000
1 0.838966 0.372159 0.275642 0.022839
1 0.627480 0.392756 0.726493 0.027099
1 0.599593 0.420455 0.772979 0.022839
1 0.375326 0.476563 0.347689 0.024265
1 0.825022 0.477982 0.303529 0.024260
1 0.650719 0.497868 0.647483 0.021422
1 0.584486 0.522016 0.779949 0.021422
1 0.368357 0.550426 0.166412 0.024260
1 0.447370 0.592327 0.366273 0.020000
1 0.570543 0.615767 0.826427 0.021417
1 0.293988 0.634942 0.366273 0.020000
1 0.597267 0.653410 0.754387 0.028525
1 0.691390 0.701704 0.561489 0.020000
1 0.590297 0.716619 0.754387 0.024260
1 0.591460 0.741475 0.784593 0.020000
1 0.564732 0.760652 0.833397 0.021422
1 0.611211 0.781251 0.717197 0.020000
1 0.569380 0.805399 0.805510 0.020000
1 0.565895 0.826704 0.812480 0.022843
1 0.593782 0.898437 0.212891 0.021422