0 0.077206 0.176136 0.020000 0.020000
0 0.137871 0.171873 0.020000 0.020000
0 0.066176 0.903409 0.020000 0.020000
0 0.159929 0.904827 0.020000 0.020000
0 0.264706 0.903409 0.020000 0.020000
2 0.301471 0.085227 0.511035 0.045455
2 0.757353 0.088068 0.400729 0.039773
2 0.355697 0.786220 0.604782 0.044032
2 0.806068 0.784800 0.295959 0.046873
2 0.277571 0.861507 0.448529 0.044032
2 0.730697 0.862216 0.454041 0.042614
2 0.852941 0.915482 0.216918 0.055400
2 0.629594 0.916191 0.240812 0.056818
2 0.496324 0.547584 0.908082 0.271305
2 0.143382 0.275568 0.191176 0.028409
2 0.146138 0.304686 0.185665 0.029827
2 0.145218 0.335936 0.183824 0.032673
2 0.143382 0.365766 0.198529 0.032668
2 0.141544 0.393466 0.194853 0.025568
2 0.340074 0.394175 0.202206 0.024150
2 0.342829 0.365055 0.196694 0.034091
2 0.340991 0.336645 0.193018 0.022727
2 0.340991 0.307527 0.193018 0.035509
2 0.340991 0.274148 0.193018 0.031250
2 0.578126 0.273439 0.277571 0.038350
2 0.579044 0.308239 0.275735 0.031250
2 0.579044 0.338777 0.275735 0.029827
2 0.578126 0.367895 0.277571 0.028409
2 0.579965 0.397016 0.281247 0.029832
2 0.837318 0.399150 0.233459 0.028409
2 0.840994 0.369318 0.226106 0.031255
2 0.832721 0.340909 0.246324 0.031255
2 0.838235 0.308236 0.235294 0.034091
2 0.832724 0.278409 0.227941 0.025564