0 0.248165 0.193182 0.020000 0.020000
0 0.134188 0.196023 0.020000 0.020000
0 0.244482 0.365055 0.020000 0.020000
0 0.349265 0.363636 0.020000 0.020000
0 0.244482 0.420455 0.020000 0.020000
0 0.345588 0.433236 0.020000 0.020000
0 0.248165 0.494318 0.020000 0.020000
0 0.334559 0.495736 0.020000 0.020000
0 0.448529 0.490055 0.020000 0.020000
0 0.244482 0.613636 0.020000 0.020000
0 0.338235 0.619318 0.020000 0.020000
1 0.511029 0.764916 0.898671 0.021423
1 0.497244 0.811080 0.900512 0.022841
1 0.499079 0.581677 0.911547 0.024264