0 0.122533 0.509944 0.020000 0.020000
0 0.118513 0.561082 0.020000 0.020000
0 0.120526 0.576704 0.020000 0.020000
0 0.118513 0.595169 0.020000 0.020000
0 0.116505 0.613638 0.020000 0.020000
0 0.118513 0.632103 0.020000 0.020000
0 0.118513 0.647726 0.020000 0.020000
0 0.120526 0.661932 0.020000 0.020000
0 0.122533 0.674716 0.020000 0.020000
0 0.120526 0.691761 0.020000 0.020000
0 0.120526 0.720171 0.020000 0.020000
0 0.120526 0.738636 0.020000 0.020000
0 0.098428 0.879260 0.020000 0.020000
0 0.787424 0.374998 0.020000 0.020000
0 0.791439 0.313920 0.020000 0.020000
0 0.793452 0.279829 0.020000 0.020000
0 0.789432 0.232954 0.020000 0.020000
0 0.887860 0.234374 0.020000 0.020000
0 0.883845 0.274147 0.020000 0.020000
0 0.889867 0.313920 0.020000 0.020000
0 0.887860 0.367897 0.020000 0.020000
0 0.104456 0.177559 0.020000 0.020000
0 0.102443 0.146306 0.020000 0.020000
0 0.102443 0.076704 0.020000 0.020000
0 0.672926 0.032672 0.020000 0.020000
0 0.711088 0.039773 0.020000 0.020000
0 0.755284 0.035511 0.020000 0.020000
0 0.795459 0.038354 0.020000 0.020000
0 0.837642 0.034091 0.020000 0.020000
0 0.869782 0.034091 0.020000 0.020000
0 0.934063 0.036930 0.020000 0.020000
1 0.506200 0.423296 0.823489 0.020000
1 0.504190 0.439630 0.827509 0.024263
1 0.501179 0.463070 0.825502 0.020000
1 0.332446 0.901278 0.259039 0.024258
1 0.750263 0.904831 0.355459 0.020000
1 0.772358 0.950284 0.194764 0.022843
2 0.504193 0.936080 0.831614 0.031253