0 0.112129 0.095173 0.020000 0.020000
0 0.113971 0.113636 0.020000 0.020000
0 0.321694 0.115055 0.020000 0.020000
0 0.832718 0.066764 0.020000 0.020000
0 0.886029 0.063918 0.020000 0.020000
0 0.829047 0.223009 0.020000 0.020000
0 0.893382 0.227273 0.020000 0.020000
0 0.808824 0.365055 0.020000 0.020000
0 0.639706 0.367900 0.020000 0.020000
1 0.579965 0.102982 0.227718 0.021418
1 0.505512 0.212357 0.895000 0.021423
1 0.329965 0.289064 0.532871 0.021418
1 0.802391 0.289773 0.293900 0.022836
1 0.804226 0.318891 0.286547 0.021418
1 0.327206 0.318182 0.542059 0.022836
1 0.267465 0.409091 0.440953 0.020000
1 0.728859 0.409091 0.459341 0.025682
1 0.724265 0.438211 0.446471 0.027105
1 0.267465 0.439630 0.437282 0.021423