0 0.352941 0.629264 0.020000 0.020000
0 0.525735 0.595173 0.020000 0.020000
0 0.623165 0.598009 0.020000 0.020000
0 0.101106 0.629264 0.020000 0.020000
0 0.095588 0.590909 0.020000 0.020000
2 0.243565 0.553977 0.369482 0.039773
2 0.513785 0.556818 0.170959 0.034091
2 0.693935 0.558239 0.196694 0.031250
2 0.865812 0.554686 0.147059 0.038355
2 0.246324 0.669743 0.367647 0.038350
2 0.249082 0.705255 0.354776 0.035509
2 0.327206 0.863636 0.533094 0.059655
2 0.763785 0.864345 0.358453 0.055400
2 0.686579 0.686789 0.498159 0.083805