0 0.303306 0.041191 0.020000 0.020000
0 0.340071 0.038355 0.020000 0.020000
0 0.360294 0.038355 0.020000 0.020000
0 0.420953 0.035509 0.020000 0.020000
0 0.446694 0.038355 0.020000 0.020000
0 0.509188 0.039773 0.020000 0.020000
0 0.542282 0.039773 0.020000 0.020000
0 0.562500 0.036932 0.020000 0.020000
0 0.601106 0.041191 0.020000 0.020000
0 0.068012 0.093750 0.020000 0.020000
0 0.132353 0.088068 0.020000 0.020000
1 0.625000 0.759232 0.402353 0.024264
2 0.500918 0.124289 0.895224 0.106532
2 0.499079 0.385652 0.902571 0.367895
2 0.224265 0.637782 0.352941 0.045455
2 0.587315 0.635652 0.373159 0.049714
2 0.861212 0.632811 0.174635 0.044032
2 0.785844 0.678977 0.329041 0.051136
2 0.467832 0.682527 0.321688 0.044036
2 0.179229 0.683236 0.255518 0.045455