0 0.448529 0.410509 0.020000 0.020000
0 0.625000 0.414773 0.020000 0.020000
0 0.056988 0.411932 0.020000 0.020000
1 0.312500 0.417614 0.240588 0.022845
1 0.580882 0.419036 0.056765 0.020000
1 0.679226 0.419036 0.179924 0.020000
1 0.852021 0.419036 0.201982 0.020000
1 0.820774 0.803266 0.168900 0.021423
1 0.388785 0.803266 0.529194 0.021423
1 0.522979 0.885652 0.088018 0.024259
1 0.595588 0.882102 0.042059 0.022841
1 0.361215 0.911220 0.128453 0.021423
1 0.548715 0.911220 0.135806 0.021423
2 0.346509 0.931818 0.597429 0.031255
2 0.233456 0.870030 0.371324 0.029832
2 0.402574 0.318891 0.165441 0.032673
2 0.718750 0.317470 0.466912 0.026986
2 0.846509 0.285514 0.200371 0.028409
2 0.559744 0.288352 0.362135 0.025568
2 0.212315 0.288355 0.329041 0.034091
2 0.179226 0.318182 0.266547 0.031255
2 0.490809 0.349432 0.886029 0.028409
2 0.496324 0.381391 0.900741 0.032673
2 0.497244 0.437500 0.898900 0.031255