0 0.069853 0.642045 0.020000 0.020000
0 0.145224 0.644886 0.020000 0.020000
0 0.218753 0.644886 0.020000 0.020000
0 0.071694 0.691764 0.020000 0.020000
0 0.143382 0.696023 0.020000 0.020000
0 0.270224 0.740055 0.020000 0.020000
0 0.266541 0.754264 0.020000 0.020000
0 0.266541 0.768464 0.020000 0.020000
0 0.266541 0.781250 0.020000 0.020000
0 0.270224 0.815341 0.020000 0.020000
0 0.266541 0.832386 0.020000 0.020000
0 0.266541 0.846591 0.020000 0.020000
0 0.268382 0.860795 0.020000 0.020000
0 0.266541 0.890627 0.020000 0.020000
0 0.268382 0.907673 0.020000 0.020000
0 0.270224 0.920455 0.020000 0.020000
0 0.266541 0.936082 0.020000 0.020000
0 0.345588 0.741477 0.020000 0.020000
0 0.411765 0.740055 0.020000 0.020000
0 0.520224 0.738636 0.020000 0.020000
0 0.347424 0.757100 0.020000 0.020000
0 0.349265 0.771309 0.020000 0.020000
0 0.347424 0.786932 0.020000 0.020000
0 0.349265 0.816764 0.020000 0.020000
0 0.347424 0.828127 0.020000 0.020000
0 0.349265 0.845173 0.020000 0.020000
0 0.347424 0.863636 0.020000 0.020000
0 0.349265 0.889205 0.020000 0.020000
0 0.345588 0.906250 0.020000 0.020000
0 0.347424 0.920455 0.020000 0.020000
0 0.345588 0.937500 0.020000 0.020000
0 0.413600 0.937500 0.020000 0.020000
0 0.413600 0.923295 0.020000 0.020000
0 0.417282 0.906250 0.020000 0.020000
0 0.413600 0.887782 0.020000 0.020000
0 0.413600 0.863636 0.020000 0.020000
0 0.411765 0.845173 0.020000 0.020000
0 0.415441 0.833809 0.020000 0.020000
0 0.415441 0.818182 0.020000 0.020000
0 0.420953 0.784091 0.020000 0.020000
0 0.417282 0.774145 0.020000 0.020000
0 0.417282 0.759945 0.020000 0.020000
0 0.514706 0.752841 0.020000 0.020000
0 0.525735 0.765627 0.020000 0.020000
0 0.518382 0.785509 0.020000 0.020000
0 0.520224 0.815341 0.020000 0.020000
0 0.525735 0.833809 0.020000 0.020000
0 0.522059 0.848009 0.020000 0.020000
0 0.520224 0.862218 0.020000 0.020000
0 0.522059 0.892045 0.020000 0.020000
0 0.523894 0.907673 0.020000 0.020000
0 0.522059 0.921873 0.020000 0.020000
0 0.522059 0.936082 0.020000 0.020000
0 0.071694 0.225855 0.020000 0.020000
0 0.139706 0.227273 0.020000 0.020000
2 0.497244 0.568891 0.898900 0.089491
2 0.497241 0.409802 0.902576 0.132105
2 0.235294 0.265625 0.371318 0.031250
2 0.558824 0.267045 0.275741 0.028409
2 0.823529 0.267757 0.253671 0.029832
2 0.824447 0.298295 0.251835 0.031245
2 0.559741 0.299005 0.277576 0.029827
2 0.235294 0.299005 0.371318 0.029827
2 0.238053 0.328123 0.376835 0.028409
2 0.561582 0.330964 0.273894 0.022727
2 0.820774 0.332386 0.248159 0.028409
2 0.341912 0.142045 0.588235 0.031255
2 0.791362 0.142045 0.310665 0.031255