0 0.096421 0.890624 0.020000 0.020000
0 0.112491 0.867897 0.020000 0.020000
0 0.120526 0.839487 0.020000 0.020000
0 0.096421 0.823865 0.020000 0.020000
0 0.249081 0.758521 0.020000 0.020000
0 0.303319 0.755682 0.020000 0.020000
0 0.261137 0.649149 0.020000 0.020000
0 0.100435 0.650569 0.020000 0.020000
0 0.094407 0.487217 0.020000 0.020000
0 0.146638 0.487217 0.020000 0.020000
0 0.347509 0.426135 0.020000 0.020000
0 0.417817 0.424716 0.020000 0.020000
0 0.321397 0.136362 0.020000 0.020000
0 0.321397 0.113638 0.020000 0.020000
0 0.319389 0.098012 0.020000 0.020000
0 0.373622 0.116477 0.020000 0.020000
0 0.373622 0.095169 0.020000 0.020000
0 0.373622 0.136362 0.020000 0.020000
0 0.765326 0.184660 0.020000 0.020000
0 0.823579 0.184660 0.020000 0.020000
0 0.676941 0.204545 0.020000 0.020000
0 0.737207 0.210227 0.020000 0.020000
0 0.323404 0.261364 0.020000 0.020000
0 0.379649 0.261364 0.020000 0.020000
1 0.514235 0.541193 0.879740 0.022839
1 0.524281 0.564630 0.875719 0.021419
1 0.522270 0.339489 0.867684 0.022843
1 0.520263 0.362215 0.879740 0.020000
1 0.453975 0.711646 0.453888 0.020000
1 0.622709 0.857245 0.433797 0.021424
1 0.107470 0.924006 0.142533 0.021419
1 0.770348 0.877841 0.371530 0.020000