0 0.544424 0.819600 0.020000 0.020000
0 0.511491 0.821020 0.020000 0.020000
0 0.486248 0.821020 0.020000 0.020000
0 0.486248 0.732957 0.020000 0.020000
0 0.515885 0.728690 0.020000 0.020000
0 0.542224 0.730110 0.020000 0.020000
0 0.540030 0.639208 0.020000 0.020000
0 0.510394 0.639208 0.020000 0.020000
0 0.480758 0.636361 0.020000 0.020000
0 0.487345 0.542612 0.020000 0.020000
0 0.515885 0.535514 0.020000 0.020000
0 0.537836 0.539773 0.020000 0.020000
0 0.545521 0.447443 0.020000 0.020000
0 0.515885 0.448863 0.020000 0.020000
0 0.490636 0.448863 0.020000 0.020000
0 0.487345 0.350855 0.020000 0.020000
0 0.511491 0.349435 0.020000 0.020000
0 0.538933 0.349435 0.020000 0.020000
0 0.544424 0.258525 0.020000 0.020000
0 0.516982 0.262784 0.020000 0.020000
0 0.481855 0.262784 0.020000 0.020000
0 0.486248 0.129263 0.020000 0.020000
0 0.511491 0.127843 0.020000 0.020000
0 0.538933 0.130682 0.020000 0.020000
2 0.743094 0.131392 0.375388 0.080965
2 0.741445 0.263498 0.378685 0.092329
2 0.741442 0.352984 0.376485 0.086643
2 0.743091 0.448153 0.373188 0.103694
2 0.744191 0.542612 0.377582 0.085224
2 0.741994 0.636361 0.379782 0.102275
2 0.743642 0.735086 0.374291 0.086643
2 0.742545 0.822443 0.376485 0.088071