0 0.316176 0.035509 0.020000 0.020000
0 0.404412 0.041191 0.020000 0.020000
0 0.632353 0.231536 0.020000 0.020000
0 0.628676 0.251418 0.020000 0.020000
0 0.628676 0.264205 0.020000 0.020000
0 0.786765 0.264205 0.020000 0.020000
0 0.784929 0.294036 0.020000 0.020000
0 0.786765 0.343750 0.020000 0.020000
0 0.634188 0.325282 0.020000 0.020000
0 0.632353 0.340909 0.020000 0.020000
0 0.444853 0.384945 0.020000 0.020000
0 0.454047 0.416191 0.020000 0.020000
0 0.612129 0.460227 0.020000 0.020000
1 0.142465 0.453834 0.143165 0.024259
1 0.279412 0.453836 0.141318 0.021418
1 0.412685 0.450993 0.157865 0.021423
2 0.281247 0.106532 0.397059 0.119318
2 0.586397 0.077416 0.209559 0.055395
2 0.715994 0.121450 0.461400 0.026991
2 0.563421 0.151989 0.163606 0.025568
2 0.728859 0.151277 0.159929 0.029827
2 0.731618 0.179686 0.161765 0.026991
2 0.563418 0.181818 0.170953 0.028409
2 0.559741 0.213068 0.159929 0.025573
2 0.730697 0.213777 0.163606 0.029827
2 0.566176 0.291191 0.172800 0.034091
2 0.566176 0.370741 0.169118 0.039773
2 0.733459 0.370027 0.161765 0.046873
2 0.727941 0.413352 0.165435 0.042614
2 0.564338 0.415484 0.172794 0.049714
2 0.731618 0.455964 0.158082 0.034091
2 0.191176 0.198155 0.209553 0.058236
2 0.388785 0.198864 0.196688 0.056818
2 0.280329 0.253552 0.395224 0.044032
2 0.283088 0.296877 0.404412 0.039773
2 0.283088 0.340200 0.393376 0.044036
2 0.247241 0.378550 0.329047 0.029827
2 0.224265 0.407670 0.279412 0.031250