0 0.224265 0.835227 0.020000 0.020000
0 0.634188 0.839491 0.020000 0.020000
1 0.556985 0.139916 0.803088 0.021423
1 0.476106 0.218750 0.152353 0.022845
1 0.482538 0.241477 0.168900 0.022845
1 0.478859 0.262786 0.154188 0.025682
1 0.475182 0.292614 0.157871 0.022845
1 0.390626 0.384943 0.588018 0.022841
1 0.400735 0.433236 0.578824 0.020000
1 0.829044 0.437500 0.258971 0.020000
1 0.511029 0.842327 0.178082 0.020000
1 0.508271 0.865057 0.165224 0.022841
1 0.506435 0.888493 0.154188 0.021423
1 0.503676 0.911932 0.152353 0.020000
1 0.815256 0.844459 0.157865 0.024264