0 0.075365 0.755682 0.020000 0.020000
0 0.080882 0.718750 0.020000 0.020000
0 0.055147 0.598009 0.020000 0.020000
0 0.051471 0.563918 0.020000 0.020000
0 0.058824 0.384945 0.020000 0.020000
2 0.636029 0.815341 0.356624 0.034091
2 0.375000 0.651991 0.323529 0.034091
2 0.673712 0.681818 0.582718 0.025564
2 0.380518 0.250000 0.676471 0.031255
2 0.843750 0.247159 0.238971 0.039773
2 0.843747 0.281250 0.227941 0.028409
2 0.664521 0.281250 0.130512 0.028409
2 0.320774 0.281959 0.556982 0.029827
2 0.320774 0.311080 0.556982 0.031250
2 0.773897 0.312500 0.349265 0.028409