0 0.229776 0.133523 0.020000 0.020000
0 0.288600 0.127841 0.020000 0.020000
0 0.391541 0.357955 0.020000 0.020000
0 0.452206 0.359373 0.020000 0.020000
0 0.472424 0.434659 0.020000 0.020000
0 0.648894 0.434659 0.020000 0.020000
0 0.838235 0.430400 0.020000 0.020000
0 0.216912 0.544036 0.020000 0.020000
0 0.279412 0.548295 0.020000 0.020000
0 0.628676 0.545455 0.020000 0.020000
0 0.691176 0.549718 0.020000 0.020000
0 0.049635 0.613636 0.020000 0.020000
0 0.053306 0.657673 0.020000 0.020000
0 0.053306 0.705964 0.020000 0.020000
0 0.051471 0.748582 0.020000 0.020000
0 0.053306 0.799718 0.020000 0.020000
0 0.051471 0.842327 0.020000 0.020000
0 0.056988 0.884945 0.020000 0.020000
2 0.498165 0.268466 0.926471 0.463068