0 0.485152 0.123576 0.020000 0.020000
0 0.512588 0.123576 0.020000 0.020000
0 0.545521 0.120737 0.020000 0.020000
0 0.541127 0.194604 0.020000 0.020000
0 0.511491 0.191765 0.020000 0.020000
0 0.485152 0.197443 0.020000 0.020000
0 0.485152 0.349435 0.020000 0.020000
0 0.510394 0.350855 0.020000 0.020000
0 0.538933 0.353694 0.020000 0.020000
0 0.540030 0.453122 0.020000 0.020000
0 0.512588 0.454549 0.020000 0.020000
0 0.489539 0.457388 0.020000 0.020000
0 0.490636 0.562502 0.020000 0.020000
0 0.511491 0.566761 0.020000 0.020000
0 0.544424 0.566761 0.020000 0.020000
0 0.541127 0.651992 0.020000 0.020000
0 0.516982 0.649145 0.020000 0.020000
0 0.486248 0.656251 0.020000 0.020000
0 0.478564 0.731537 0.020000 0.020000
0 0.511491 0.728690 0.020000 0.020000
0 0.543321 0.727271 0.020000 0.020000
0 0.541127 0.818180 0.020000 0.020000
0 0.514788 0.819600 0.020000 0.020000
0 0.486248 0.813922 0.020000 0.020000
2 0.742545 0.125710 0.376485 0.069600
2 0.743094 0.196733 0.375388 0.072447
2 0.741994 0.350141 0.377588 0.117898
2 0.742545 0.460227 0.376485 0.102275
2 0.742545 0.561792 0.376485 0.100855
2 0.741994 0.647020 0.377588 0.069600
2 0.740894 0.725141 0.375388 0.086643
2 0.742542 0.813918 0.372091 0.090910