0 0.128675 0.123582 0.020000 0.020000
0 0.125004 0.147727 0.020000 0.020000
0 0.132353 0.161933 0.020000 0.020000
0 0.121325 0.174715 0.020000 0.020000
0 0.130518 0.197442 0.020000 0.020000
0 0.329043 0.194600 0.020000 0.020000
0 0.325365 0.176133 0.020000 0.020000
0 0.332722 0.164776 0.020000 0.020000
0 0.332722 0.142042 0.020000 0.020000
0 0.332722 0.122158 0.020000 0.020000
0 0.533090 0.126418 0.020000 0.020000
0 0.742643 0.129261 0.020000 0.020000
0 0.744486 0.149145 0.020000 0.020000
0 0.750000 0.156248 0.020000 0.020000
0 0.534925 0.197442 0.020000 0.020000
0 0.540439 0.178976 0.020000 0.020000
0 0.540439 0.160509 0.020000 0.020000
0 0.533090 0.134945 0.020000 0.020000
0 0.639702 0.252842 0.020000 0.020000
0 0.637867 0.267042 0.020000 0.020000
0 0.643380 0.285509 0.020000 0.020000
0 0.639702 0.298297 0.020000 0.020000
0 0.351106 0.332388 0.020000 0.020000
0 0.356620 0.311079 0.020000 0.020000
0 0.354776 0.295455 0.020000 0.020000
0 0.358455 0.279830 0.020000 0.020000
0 0.358455 0.264206 0.020000 0.020000
0 0.354776 0.250000 0.020000 0.020000
0 0.121325 0.250000 0.020000 0.020000
0 0.126839 0.262782 0.020000 0.020000
0 0.123161 0.282673 0.020000 0.020000
0 0.126839 0.303976 0.020000 0.020000
0 0.121325 0.323867 0.020000 0.020000
1 0.412682 0.080967 0.382133 0.022842
1 0.818933 0.078124 0.227718 0.022842
1 0.861212 0.166194 0.132133 0.025685
1 0.830882 0.188209 0.192792 0.024261
1 0.824451 0.201703 0.201984 0.025685
1 0.822608 0.308948 0.209341 0.027097
1 0.849267 0.291194 0.163380 0.025685
1 0.841914 0.273436 0.178086 0.021418
1 0.862133 0.254973 0.137647 0.021424
1 0.530329 0.343752 0.139482 0.025685
1 0.535847 0.328836 0.135804 0.021418
1 0.551471 0.309661 0.126612 0.020000
1 0.543200 0.294036 0.150510 0.020000
1 0.518380 0.272727 0.170737 0.022836
1 0.516545 0.256391 0.189122 0.024261
1 0.248161 0.256394 0.156024 0.021418
1 0.252757 0.275567 0.143161 0.022842
1 0.250000 0.294033 0.133976 0.022842
1 0.267463 0.308236 0.121106 0.020000
1 0.265624 0.325285 0.135812 0.020000
1 0.253675 0.343039 0.159710 0.021424