0 0.086400 0.673297 0.020000 0.020000
0 0.406251 0.676133 0.020000 0.020000
0 0.722424 0.674715 0.020000 0.020000
0 0.283090 0.213067 0.020000 0.020000
0 0.045953 0.218752 0.020000 0.020000
1 0.485294 0.110085 0.589851 0.021418
1 0.886945 0.109376 0.172573 0.020000
1 0.706804 0.058948 0.190957 0.021424
1 0.831800 0.838779 0.198314 0.021424
1 0.328125 0.839488 0.610071 0.022842
1 0.260110 0.250000 0.382133 0.020000
1 0.729780 0.250000 0.398682 0.020000
1 0.777576 0.276276 0.303090 0.024261
1 0.752757 0.303267 0.367427 0.021418
1 0.738969 0.335227 0.350878 0.022842
1 0.747243 0.362927 0.382125 0.027103
1 0.761031 0.487215 0.339851 0.022842
1 0.756431 0.516336 0.334337 0.024261
1 0.268380 0.487218 0.376620 0.020000
1 0.261949 0.521306 0.360071 0.022842
1 0.269302 0.360085 0.389490 0.024267
1 0.273898 0.334515 0.372941 0.021418
1 0.271137 0.308948 0.363749 0.024261
1 0.303310 0.278406 0.314118 0.020000