0 0.644800 0.434660 0.020000 0.020000
0 0.684976 0.430398 0.020000 0.020000
0 0.733186 0.431817 0.020000 0.020000
0 0.775369 0.433241 0.020000 0.020000
0 0.819565 0.433241 0.020000 0.020000
0 0.895895 0.434660 0.020000 0.020000
0 0.895895 0.434660 0.020000 0.020000
0 0.895895 0.434660 0.020000 0.020000
0 0.855719 0.433241 0.020000 0.020000
0 0.106463 0.812501 0.020000 0.020000
1 0.419825 0.428978 0.329347 0.020000
1 0.416814 0.450284 0.331354 0.022843
1 0.417817 0.471593 0.333362 0.025682
1 0.418821 0.490767 0.327340 0.027101