0 0.053310 0.082388 0.020000 0.020000
0 0.056988 0.109376 0.020000 0.020000
0 0.056988 0.129261 0.020000 0.020000
0 0.053310 0.160509 0.020000 0.020000
0 0.051467 0.190339 0.020000 0.020000
0 0.056988 0.228691 0.020000 0.020000
0 0.053310 0.291194 0.020000 0.020000
0 0.056988 0.319600 0.020000 0.020000
0 0.049631 0.410509 0.020000 0.020000
0 0.056988 0.464491 0.020000 0.020000
0 0.049631 0.558236 0.020000 0.020000
0 0.055145 0.617897 0.020000 0.020000
0 0.051467 0.663352 0.020000 0.020000
1 0.679227 0.696733 0.496102 0.021418
1 0.666361 0.645597 0.507137 0.021424
1 0.663600 0.601564 0.501616 0.021418
1 0.663600 0.534091 0.490588 0.020000
1 0.632353 0.441761 0.567796 0.025679
1 0.422792 0.398436 0.343529 0.021418
1 0.795957 0.394179 0.251616 0.024261
2 0.397059 0.899148 0.727937 0.034091
2 0.860294 0.897727 0.198533 0.036933