0 0.461000 0.119318 0.020000 0.020000
0 0.493933 0.112220 0.020000 0.020000
0 0.515885 0.115059 0.020000 0.020000
0 0.525764 0.230110 0.020000 0.020000
0 0.490636 0.235796 0.020000 0.020000
0 0.458806 0.231537 0.020000 0.020000
0 0.465394 0.309663 0.020000 0.020000
0 0.490636 0.309663 0.020000 0.020000
0 0.514788 0.311082 0.020000 0.020000
0 0.462097 0.370737 0.020000 0.020000
0 0.488442 0.373576 0.020000 0.020000
0 0.519176 0.373576 0.020000 0.020000
0 0.520273 0.428980 0.020000 0.020000
0 0.489539 0.430400 0.020000 0.020000
0 0.462097 0.427553 0.020000 0.020000
0 0.462097 0.481537 0.020000 0.020000
0 0.497224 0.478690 0.020000 0.020000
0 0.514788 0.482957 0.020000 0.020000
0 0.518079 0.544031 0.020000 0.020000
0 0.492830 0.544031 0.020000 0.020000
0 0.467588 0.539773 0.020000 0.020000
0 0.458806 0.592329 0.020000 0.020000
0 0.497224 0.595169 0.020000 0.020000
0 0.520273 0.599435 0.020000 0.020000
0 0.515885 0.646306 0.020000 0.020000
0 0.490636 0.647725 0.020000 0.020000
0 0.465394 0.653412 0.020000 0.020000
0 0.466491 0.710227 0.020000 0.020000
0 0.489539 0.708808 0.020000 0.020000
0 0.524667 0.707388 0.020000 0.020000
0 0.526861 0.775569 0.020000 0.020000
0 0.490636 0.784094 0.020000 0.020000
0 0.466491 0.775569 0.020000 0.020000
0 0.461000 0.863639 0.020000 0.020000
0 0.487345 0.859373 0.020000 0.020000
0 0.515885 0.862220 0.020000 0.020000
2 0.719491 0.117898 0.376485 0.053976
2 0.717845 0.229404 0.379776 0.089490
2 0.721139 0.312502 0.373188 0.076706
2 0.720591 0.376424 0.372091 0.053976
2 0.719491 0.429690 0.374291 0.052557
2 0.721136 0.485796 0.377582 0.059655
2 0.723333 0.541902 0.370994 0.052557
2 0.722785 0.597302 0.369897 0.055404
2 0.720039 0.653412 0.375388 0.056816
2 0.718942 0.708098 0.373194 0.052557
2 0.718394 0.779831 0.376485 0.090910
2 0.719491 0.860086 0.374291 0.069600