0 0.308824 0.029827 0.020000 0.020000
0 0.347424 0.036932 0.020000 0.020000
0 0.367647 0.035509 0.020000 0.020000
0 0.424635 0.034091 0.020000 0.020000
0 0.450365 0.031250 0.020000 0.020000
0 0.503676 0.034091 0.020000 0.020000
0 0.544118 0.032673 0.020000 0.020000
0 0.568012 0.031250 0.020000 0.020000
0 0.597424 0.029827 0.020000 0.020000
0 0.062500 0.095173 0.020000 0.020000
0 0.134188 0.089491 0.020000 0.020000
0 0.064341 0.136364 0.020000 0.020000
0 0.130518 0.134945 0.020000 0.020000
0 0.062500 0.254264 0.020000 0.020000
0 0.123165 0.251418 0.020000 0.020000
0 0.060659 0.339491 0.020000 0.020000
0 0.125000 0.336645 0.020000 0.020000
0 0.079047 0.352273 0.020000 0.020000
0 0.073529 0.372159 0.020000 0.020000
0 0.084559 0.390627 0.020000 0.020000
0 0.066176 0.427555 0.020000 0.020000
0 0.128676 0.431818 0.020000 0.020000
0 0.069853 0.485795 0.020000 0.020000
0 0.128676 0.480114 0.020000 0.020000
0 0.126835 0.551136 0.020000 0.020000
0 0.062500 0.549718 0.020000 0.020000
1 0.618568 0.779830 0.367429 0.022841
1 0.284924 0.509945 0.189118 0.020000
1 0.469671 0.506391 0.135812 0.021418
1 0.768382 0.504973 0.372941 0.021418
2 0.390626 0.361507 0.126841 0.001423
2 0.393382 0.382814 0.110294 0.004264
2 0.400735 0.404827 0.121329 0.000000
2 0.206803 0.402700 0.137865 0.001418
2 0.226106 0.455255 0.132353 0.001418
2 0.403491 0.457386 0.108453 0.000000
2 0.736215 0.455257 0.417276 0.004259
2 0.728859 0.404832 0.413600 0.005682
2 0.727024 0.379973 0.395224 0.001418
2 0.730697 0.361507 0.398900 0.001423
2 0.706800 0.192473 0.075365 0.001418
2 0.561579 0.193182 0.071688 0.000000
2 0.236215 0.189632 0.200371 0.004264
2 0.497241 0.616477 0.902576 0.034091
2 0.229782 0.685368 0.360294 0.029827
2 0.595588 0.681818 0.371318 0.036927
2 0.866729 0.682530 0.174635 0.038350
2 0.792282 0.727273 0.323529 0.045455
2 0.465991 0.730114 0.321688 0.048300
2 0.175550 0.725141 0.259194 0.038355
2 0.500918 0.251418 0.895224 0.056818