0 0.071694 0.639205 0.020000 0.020000
0 0.141541 0.640627 0.020000 0.020000
0 0.068012 0.495736 0.020000 0.020000
0 0.147059 0.495736 0.020000 0.020000
0 0.068012 0.332386 0.020000 0.020000
0 0.147059 0.336645 0.020000 0.020000
1 0.539524 0.371448 0.143165 0.021423
1 0.796874 0.373580 0.301253 0.022841
1 0.793197 0.417614 0.308606 0.022845
1 0.534926 0.416905 0.148676 0.024264
1 0.540441 0.464489 0.137647 0.022841
1 0.806982 0.465198 0.292059 0.024259
1 0.306065 0.463068 0.279188 0.022845
1 0.299632 0.529827 0.148676 0.020000
1 0.566176 0.531961 0.288376 0.021423
1 0.561579 0.577414 0.297571 0.027100
1 0.304226 0.578125 0.135806 0.022841
2 0.498159 0.786932 0.904412 0.338064
2 0.497241 0.157673 0.902576 0.215909