0 0.126839 0.805400 0.020000 0.020000
0 0.119482 0.825285 0.020000 0.020000
0 0.125004 0.839491 0.020000 0.020000
0 0.123161 0.852273 0.020000 0.020000
0 0.115812 0.882103 0.020000 0.020000
0 0.321694 0.875000 0.020000 0.020000
0 0.329043 0.855115 0.020000 0.020000
0 0.327208 0.840909 0.020000 0.020000
0 0.332722 0.826703 0.020000 0.020000
0 0.319851 0.805400 0.020000 0.020000
0 0.549631 0.806818 0.020000 0.020000
0 0.545953 0.826703 0.020000 0.020000
0 0.536769 0.845170 0.020000 0.020000
0 0.544118 0.859376 0.020000 0.020000
0 0.529412 0.879261 0.020000 0.020000
0 0.744486 0.843752 0.020000 0.020000
0 0.746322 0.826703 0.020000 0.020000
0 0.748165 0.811079 0.020000 0.020000
0 0.670957 0.295455 0.020000 0.020000
0 0.672792 0.285509 0.020000 0.020000
0 0.665443 0.264206 0.020000 0.020000
0 0.669114 0.245739 0.020000 0.020000
0 0.667278 0.232958 0.020000 0.020000
0 0.670957 0.211648 0.020000 0.020000
0 0.380518 0.419036 0.020000 0.020000
0 0.387867 0.396309 0.020000 0.020000
0 0.376839 0.387782 0.020000 0.020000
0 0.384188 0.373582 0.020000 0.020000
0 0.378675 0.355115 0.020000 0.020000
0 0.386031 0.338067 0.020000 0.020000
0 0.382353 0.325285 0.020000 0.020000
0 0.378675 0.302558 0.020000 0.020000
0 0.386031 0.312497 0.020000 0.020000
0 0.393380 0.279830 0.020000 0.020000
0 0.384188 0.269885 0.020000 0.020000
0 0.378675 0.255685 0.020000 0.020000
0 0.384188 0.232958 0.020000 0.020000
0 0.384188 0.228691 0.020000 0.020000
0 0.387867 0.214491 0.020000 0.020000
0 0.261027 0.188921 0.020000 0.020000
0 0.125004 0.205964 0.020000 0.020000
0 0.125004 0.218752 0.020000 0.020000
0 0.125004 0.234376 0.020000 0.020000
0 0.121325 0.255685 0.020000 0.020000
0 0.123161 0.264206 0.020000 0.020000
0 0.125004 0.284091 0.020000 0.020000
0 0.125004 0.296873 0.020000 0.020000
0 0.123161 0.309661 0.020000 0.020000
0 0.123161 0.326703 0.020000 0.020000
0 0.123161 0.338067 0.020000 0.020000
0 0.126839 0.356533 0.020000 0.020000
0 0.113969 0.387782 0.020000 0.020000
0 0.130518 0.370739 0.020000 0.020000
0 0.126839 0.404830 0.020000 0.020000
0 0.128675 0.420455 0.020000 0.020000
0 0.481616 0.661933 0.020000 0.020000
0 0.542282 0.661933 0.020000 0.020000
1 0.789522 0.340200 0.275514 0.021418
1 0.413600 0.155539 0.391325 0.021418
1 0.812498 0.159803 0.218533 0.024261
1 0.797792 0.358664 0.277357 0.024261
1 0.792282 0.382812 0.273678 0.021418
1 0.791361 0.404118 0.271835 0.024261
1 0.795953 0.427558 0.273678 0.025685
1 0.862129 0.850852 0.122941 0.022842
1 0.831800 0.870739 0.198314 0.022836
1 0.829043 0.883524 0.185443 0.022842
1 0.737133 0.691761 0.387647 0.022842
1 0.734373 0.715200 0.396839 0.021418
1 0.738051 0.735797 0.404196 0.022842
1 0.743565 0.759945 0.400510 0.020000
1 0.305149 0.691764 0.376620 0.020000
1 0.297796 0.713779 0.383969 0.021424
1 0.302388 0.735797 0.385812 0.022842
1 0.305145 0.758524 0.383969 0.022842
1 0.193933 0.519888 0.150518 0.022842
1 0.328122 0.522018 0.113749 0.021418
1 0.426471 0.519885 0.108235 0.020000
1 0.196690 0.545455 0.167059 0.020000
1 0.325369 0.546164 0.104557 0.021418
1 0.431067 0.545455 0.095373 0.020000
1 0.193012 0.568894 0.167059 0.024261
1 0.337318 0.567473 0.099043 0.021418
1 0.429227 0.571024 0.110078 0.020000
1 0.187502 0.593748 0.163380 0.022842
1 0.325365 0.595170 0.108235 0.022836
1 0.426471 0.594461 0.115592 0.021418
1 0.183824 0.615767 0.159710 0.024261
1 0.314337 0.617897 0.111906 0.020000
1 0.427388 0.615058 0.124784 0.025679
1 0.602941 0.519885 0.192800 0.020000
1 0.745404 0.519176 0.132125 0.021418
1 0.861212 0.519888 0.139490 0.022842
1 0.875000 0.541903 0.119271 0.024267
1 0.759188 0.544745 0.152353 0.021418
1 0.615812 0.544033 0.178086 0.025679
1 0.613051 0.568894 0.168894 0.024261
1 0.744482 0.571024 0.133969 0.020000
1 0.862133 0.568894 0.130290 0.024261
1 0.861212 0.592327 0.132133 0.020000
1 0.764702 0.591618 0.122941 0.021418
1 0.621322 0.591618 0.192792 0.021418
1 0.608459 0.615767 0.152353 0.021424
1 0.746322 0.615767 0.115592 0.021424
1 0.873161 0.617188 0.156031 0.021418