0 0.680149 0.741479 0.020000 0.020000
0 0.792282 0.735794 0.020000 0.020000
0 0.751835 0.639206 0.020000 0.020000
0 0.748165 0.612218 0.020000 0.020000
0 0.755514 0.582388 0.020000 0.020000
0 0.748165 0.556818 0.020000 0.020000
0 0.242651 0.794036 0.020000 0.020000
0 0.240808 0.803976 0.020000 0.020000
0 0.242651 0.830964 0.020000 0.020000
0 0.238973 0.849430 0.020000 0.020000
0 0.283090 0.853691 0.020000 0.020000
0 0.283090 0.829545 0.020000 0.020000
0 0.281247 0.811079 0.020000 0.020000
0 0.283090 0.798297 0.020000 0.020000
0 0.316173 0.796873 0.020000 0.020000
0 0.316173 0.809661 0.020000 0.020000
0 0.321694 0.826703 0.020000 0.020000
0 0.325365 0.840909 0.020000 0.020000
0 0.367647 0.845170 0.020000 0.020000
0 0.369482 0.832388 0.020000 0.020000
0 0.367647 0.819600 0.020000 0.020000
0 0.363969 0.795455 0.020000 0.020000
0 0.404408 0.794036 0.020000 0.020000
0 0.404408 0.813921 0.020000 0.020000
0 0.408086 0.829545 0.020000 0.020000
0 0.409929 0.849430 0.020000 0.020000
0 0.446690 0.843752 0.020000 0.020000
0 0.443012 0.832388 0.020000 0.020000
0 0.446690 0.813921 0.020000 0.020000
0 0.441176 0.799715 0.020000 0.020000
0 0.490808 0.796873 0.020000 0.020000
0 0.488973 0.812497 0.020000 0.020000
0 0.488973 0.828127 0.020000 0.020000
0 0.487129 0.849430 0.020000 0.020000
0 0.525733 0.794036 0.020000 0.020000
0 0.518384 0.811079 0.020000 0.020000
0 0.522055 0.828127 0.020000 0.020000
0 0.522055 0.850855 0.020000 0.020000
0 0.549631 0.852273 0.020000 0.020000
0 0.558824 0.836648 0.020000 0.020000
0 0.562502 0.816764 0.020000 0.020000
0 0.564337 0.799715 0.020000 0.020000
0 0.602941 0.794036 0.020000 0.020000
0 0.599263 0.815339 0.020000 0.020000
0 0.602941 0.829545 0.020000 0.020000
0 0.602941 0.845170 0.020000 0.020000
0 0.643380 0.845170 0.020000 0.020000
0 0.643380 0.835224 0.020000 0.020000
0 0.639702 0.819600 0.020000 0.020000
0 0.639702 0.801139 0.020000 0.020000
0 0.691176 0.794036 0.020000 0.020000
0 0.691176 0.806818 0.020000 0.020000
0 0.691176 0.829545 0.020000 0.020000
0 0.687498 0.848012 0.020000 0.020000
0 0.724267 0.850855 0.020000 0.020000
0 0.729780 0.829545 0.020000 0.020000
0 0.722424 0.812497 0.020000 0.020000
0 0.726102 0.796873 0.020000 0.020000
0 0.764706 0.796873 0.020000 0.020000
0 0.768384 0.809661 0.020000 0.020000
0 0.764706 0.829545 0.020000 0.020000
0 0.768384 0.848012 0.020000 0.020000
0 0.818016 0.846594 0.020000 0.020000
0 0.806988 0.830964 0.020000 0.020000
0 0.806988 0.816764 0.020000 0.020000
0 0.794118 0.796873 0.020000 0.020000
0 0.240808 0.227273 0.020000 0.020000
0 0.242651 0.237218 0.020000 0.020000
0 0.292282 0.223012 0.020000 0.020000
0 0.325365 0.224430 0.020000 0.020000
0 0.365812 0.223012 0.020000 0.020000
0 0.408086 0.223012 0.020000 0.020000
0 0.450369 0.224430 0.020000 0.020000
0 0.492643 0.221588 0.020000 0.020000
0 0.523898 0.230115 0.020000 0.020000
0 0.558824 0.234376 0.020000 0.020000
0 0.599263 0.224430 0.020000 0.020000
0 0.637867 0.220170 0.020000 0.020000
0 0.685663 0.223012 0.020000 0.020000
0 0.711396 0.228691 0.020000 0.020000
0 0.757349 0.225855 0.020000 0.020000
0 0.806988 0.223012 0.020000 0.020000
0 0.801467 0.241479 0.020000 0.020000
0 0.757349 0.244315 0.020000 0.020000
0 0.709561 0.240055 0.020000 0.020000
0 0.689341 0.240055 0.020000 0.020000
0 0.648894 0.242897 0.020000 0.020000
0 0.604776 0.235794 0.020000 0.020000
0 0.560659 0.248582 0.020000 0.020000
0 0.531247 0.235794 0.020000 0.020000
0 0.485294 0.244315 0.020000 0.020000
0 0.443012 0.241479 0.020000 0.020000
0 0.409929 0.248582 0.020000 0.020000
0 0.378675 0.241479 0.020000 0.020000
0 0.338235 0.241479 0.020000 0.020000
0 0.283090 0.242897 0.020000 0.020000
0 0.246322 0.313921 0.020000 0.020000
0 0.248165 0.332388 0.020000 0.020000
0 0.244486 0.350855 0.020000 0.020000
0 0.235294 0.366479 0.020000 0.020000
0 0.286761 0.367897 0.020000 0.020000
0 0.277576 0.355115 0.020000 0.020000
0 0.288604 0.343752 0.020000 0.020000
0 0.275733 0.318182 0.020000 0.020000
0 0.316173 0.319600 0.020000 0.020000
0 0.323529 0.328127 0.020000 0.020000
0 0.323529 0.346594 0.020000 0.020000
0 0.323529 0.363636 0.020000 0.020000
0 0.365812 0.308236 0.020000 0.020000
0 0.409929 0.315339 0.020000 0.020000
0 0.463231 0.318182 0.020000 0.020000
0 0.496322 0.316764 0.020000 0.020000
0 0.514706 0.315339 0.020000 0.020000
0 0.564337 0.316764 0.020000 0.020000
0 0.599263 0.316764 0.020000 0.020000
0 0.641545 0.316764 0.020000 0.020000
0 0.680149 0.315339 0.020000 0.020000
0 0.727937 0.319600 0.020000 0.020000
0 0.761027 0.313921 0.020000 0.020000
0 0.806988 0.315339 0.020000 0.020000
0 0.369482 0.333806 0.020000 0.020000
0 0.365812 0.346594 0.020000 0.020000
0 0.369482 0.360794 0.020000 0.020000
0 0.411765 0.329545 0.020000 0.020000
0 0.443012 0.330964 0.020000 0.020000
0 0.488973 0.332388 0.020000 0.020000
0 0.533090 0.335224 0.020000 0.020000
0 0.579043 0.335224 0.020000 0.020000
0 0.619482 0.332388 0.020000 0.020000
0 0.652573 0.329545 0.020000 0.020000
0 0.689341 0.332388 0.020000 0.020000
0 0.735294 0.333806 0.020000 0.020000
0 0.764706 0.335224 0.020000 0.020000
0 0.810659 0.332388 0.020000 0.020000
0 0.808824 0.353691 0.020000 0.020000
0 0.805145 0.370739 0.020000 0.020000
0 0.761027 0.370739 0.020000 0.020000
0 0.761027 0.350855 0.020000 0.020000
0 0.724267 0.352273 0.020000 0.020000
0 0.674635 0.353691 0.020000 0.020000
0 0.639702 0.349430 0.020000 0.020000
0 0.602941 0.350855 0.020000 0.020000
0 0.575365 0.352273 0.020000 0.020000
0 0.534925 0.352273 0.020000 0.020000
0 0.509192 0.352273 0.020000 0.020000
0 0.446690 0.348012 0.020000 0.020000
0 0.411765 0.350855 0.020000 0.020000
0 0.406251 0.367897 0.020000 0.020000
0 0.461396 0.370739 0.020000 0.020000
0 0.496322 0.372158 0.020000 0.020000
0 0.531247 0.369321 0.020000 0.020000
0 0.571694 0.370739 0.020000 0.020000
0 0.597427 0.370739 0.020000 0.020000
0 0.645224 0.369321 0.020000 0.020000
0 0.680149 0.367897 0.020000 0.020000
0 0.722424 0.369321 0.020000 0.020000
0 0.803310 0.436079 0.020000 0.020000
0 0.770220 0.440339 0.020000 0.020000
0 0.724267 0.438921 0.020000 0.020000
0 0.676471 0.441764 0.020000 0.020000
0 0.650737 0.438921 0.020000 0.020000
0 0.588235 0.444600 0.020000 0.020000
0 0.566180 0.446024 0.020000 0.020000
0 0.538604 0.441764 0.020000 0.020000
0 0.474267 0.443182 0.020000 0.020000
0 0.452204 0.441764 0.020000 0.020000
0 0.411765 0.440339 0.020000 0.020000
0 0.358455 0.444600 0.020000 0.020000
0 0.318016 0.438921 0.020000 0.020000
0 0.295953 0.443182 0.020000 0.020000
0 0.251835 0.441764 0.020000 0.020000
0 0.246322 0.455964 0.020000 0.020000
0 0.250000 0.468752 0.020000 0.020000
0 0.251835 0.492897 0.020000 0.020000
0 0.284925 0.455964 0.020000 0.020000
0 0.286761 0.477273 0.020000 0.020000
0 0.286761 0.488636 0.020000 0.020000
0 0.338235 0.491479 0.020000 0.020000
0 0.323529 0.475855 0.020000 0.020000
0 0.330886 0.463067 0.020000 0.020000
0 0.371325 0.458806 0.020000 0.020000
0 0.406251 0.457388 0.020000 0.020000
0 0.448533 0.458806 0.020000 0.020000
0 0.494486 0.460230 0.020000 0.020000
0 0.522055 0.460230 0.020000 0.020000
0 0.566180 0.455964 0.020000 0.020000
0 0.617647 0.457388 0.020000 0.020000
0 0.647059 0.463067 0.020000 0.020000
0 0.689341 0.461648 0.020000 0.020000
0 0.724267 0.463067 0.020000 0.020000
0 0.768384 0.460230 0.020000 0.020000
0 0.819851 0.455964 0.020000 0.020000
0 0.797796 0.470170 0.020000 0.020000
0 0.751835 0.480115 0.020000 0.020000
0 0.757349 0.487218 0.020000 0.020000
0 0.799631 0.492897 0.020000 0.020000
0 0.715075 0.475855 0.020000 0.020000
0 0.716910 0.490055 0.020000 0.020000
0 0.687498 0.492897 0.020000 0.020000
0 0.685663 0.481533 0.020000 0.020000
0 0.647059 0.478691 0.020000 0.020000
0 0.645224 0.488636 0.020000 0.020000
0 0.630518 0.488636 0.020000 0.020000
0 0.615812 0.471588 0.020000 0.020000
0 0.577208 0.474430 0.020000 0.020000
0 0.558824 0.491479 0.020000 0.020000
0 0.538604 0.488636 0.020000 0.020000
0 0.529412 0.474430 0.020000 0.020000
0 0.492643 0.474430 0.020000 0.020000
0 0.483459 0.495739 0.020000 0.020000
0 0.461396 0.491479 0.020000 0.020000
0 0.450369 0.480115 0.020000 0.020000
0 0.411765 0.477273 0.020000 0.020000
0 0.409929 0.495739 0.020000 0.020000
0 0.389702 0.494315 0.020000 0.020000
0 0.373161 0.478691 0.020000 0.020000