0 0.482958 0.741475 0.020000 0.020000
0 0.482958 0.666196 0.020000 0.020000
0 0.519176 0.663349 0.020000 0.020000
0 0.540030 0.660510 0.020000 0.020000
0 0.536739 0.744322 0.020000 0.020000
0 0.511491 0.742894 0.020000 0.020000
0 0.490636 0.561082 0.020000 0.020000
0 0.489539 0.521310 0.020000 0.020000
0 0.514788 0.518463 0.020000 0.020000
0 0.509297 0.556816 0.020000 0.020000
0 0.541127 0.566761 0.020000 0.020000
0 0.537836 0.515624 0.020000 0.020000
0 0.544424 0.441765 0.020000 0.020000
0 0.512588 0.443184 0.020000 0.020000
0 0.487345 0.446024 0.020000 0.020000
0 0.489539 0.339490 0.020000 0.020000
0 0.514788 0.339490 0.020000 0.020000
0 0.536739 0.340910 0.020000 0.020000
0 0.545521 0.257106 0.020000 0.020000
0 0.515885 0.261365 0.020000 0.020000
0 0.489539 0.265624 0.020000 0.020000
0 0.489539 0.194604 0.020000 0.020000
0 0.509297 0.197443 0.020000 0.020000
0 0.537836 0.196024 0.020000 0.020000
0 0.543321 0.137780 0.020000 0.020000
0 0.510394 0.137780 0.020000 0.020000
0 0.491733 0.142047 0.020000 0.020000
2 0.741445 0.141337 0.383073 0.058235
2 0.742542 0.198153 0.380879 0.055396
2 0.741445 0.260655 0.374285 0.072447
2 0.739797 0.338780 0.377582 0.083804
2 0.740897 0.439631 0.379782 0.117898
2 0.741994 0.517757 0.377588 0.038353
2 0.745288 0.566051 0.375388 0.049718
2 0.739248 0.664063 0.376485 0.083812
2 0.741445 0.742188 0.383073 0.072439