0 0.167282 0.566764 0.020000 0.020000
0 0.555147 0.083809 0.020000 0.020000
0 0.661765 0.080964 0.020000 0.020000
2 0.508274 0.106536 0.729782 0.034091
2 0.508274 0.156250 0.729782 0.065336
2 0.507353 0.229402 0.727941 0.080968
2 0.507353 0.301848 0.727941 0.061077
2 0.507353 0.353693 0.727941 0.042614
2 0.509191 0.411223 0.724265 0.072445
2 0.510109 0.470170 0.722429 0.048295
2 0.515626 0.598720 0.726100 0.035514
2 0.511029 0.654832 0.727941 0.073864
2 0.512865 0.713780 0.727941 0.044032
2 0.512865 0.779830 0.727941 0.088068
2 0.505512 0.868609 0.713235 0.089491