0 0.485152 0.123576 0.020000 0.020000
0 0.510394 0.122157 0.020000 0.020000
0 0.538933 0.122157 0.020000 0.020000
0 0.542224 0.201702 0.020000 0.020000
0 0.512588 0.204549 0.020000 0.020000
0 0.486248 0.200282 0.020000 0.020000
0 0.486248 0.278408 0.020000 0.020000
0 0.514788 0.279827 0.020000 0.020000
0 0.540030 0.279827 0.020000 0.020000
0 0.481855 0.785514 0.020000 0.020000
0 0.513691 0.778408 0.020000 0.020000
0 0.541127 0.778408 0.020000 0.020000
0 0.542224 0.848008 0.020000 0.020000
0 0.513691 0.850855 0.020000 0.020000
0 0.485152 0.850855 0.020000 0.020000
0 0.484055 0.400565 0.020000 0.020000
0 0.514788 0.399145 0.020000 0.020000
0 0.538933 0.396306 0.020000 0.020000
0 0.538933 0.457388 0.020000 0.020000
0 0.511491 0.451702 0.020000 0.020000
0 0.489539 0.460227 0.020000 0.020000
0 0.484055 0.494322 0.020000 0.020000
0 0.510394 0.494322 0.020000 0.020000
0 0.538933 0.497161 0.020000 0.020000
0 0.486248 0.532667 0.020000 0.020000
0 0.510394 0.536933 0.020000 0.020000
0 0.544424 0.532667 0.020000 0.020000
0 0.544424 0.573867 0.020000 0.020000
0 0.515885 0.568180 0.020000 0.020000
0 0.486248 0.573867 0.020000 0.020000
0 0.487345 0.612220 0.020000 0.020000
0 0.515885 0.615059 0.020000 0.020000
0 0.541127 0.613639 0.020000 0.020000
0 0.543321 0.661929 0.020000 0.020000
0 0.512588 0.661929 0.020000 0.020000
0 0.491733 0.664776 0.020000 0.020000
2 0.744191 0.781247 0.375388 0.076706
2 0.742542 0.851561 0.378685 0.063922
2 0.744191 0.664063 0.373194 0.058243
2 0.743094 0.127839 0.375388 0.071020
2 0.743642 0.201702 0.374291 0.076706
2 0.744739 0.281961 0.376485 0.083812
2 0.745836 0.401988 0.376485 0.071020
2 0.745836 0.452416 0.374291 0.029835
2 0.743094 0.498576 0.375388 0.039773
2 0.741994 0.538349 0.377588 0.039773
2 0.740894 0.576702 0.377582 0.036933
2 0.744188 0.615765 0.368800 0.041192