0 0.104400 0.803979 0.020000 0.020000
0 0.162619 0.802554 0.020000 0.020000
0 0.190725 0.795456 0.020000 0.020000
0 0.226865 0.789772 0.020000 0.020000
0 0.269025 0.796876 0.020000 0.020000
0 0.307172 0.795456 0.020000 0.020000
0 0.349331 0.789772 0.020000 0.020000
0 0.387478 0.794036 0.020000 0.020000
0 0.419597 0.794036 0.020000 0.020000
0 0.455737 0.794036 0.020000 0.020000
0 0.497897 0.799715 0.020000 0.020000
0 0.532023 0.796876 0.020000 0.020000
0 0.572176 0.799715 0.020000 0.020000
0 0.624376 0.799715 0.020000 0.020000
0 0.650475 0.801135 0.020000 0.020000
0 0.670548 0.801135 0.020000 0.020000
0 0.748848 0.801135 0.020000 0.020000
0 0.776954 0.799715 0.020000 0.020000
0 0.807067 0.796876 0.020000 0.020000
0 0.698654 0.747161 0.020000 0.020000
0 0.833167 0.748580 0.020000 0.020000
0 0.104400 0.657668 0.020000 0.020000
0 0.104400 0.673295 0.020000 0.020000
0 0.102393 0.693181 0.020000 0.020000
1 0.278058 0.852275 0.202691 0.020000
1 0.729774 0.850852 0.379371 0.022845
1 0.399521 0.618606 0.578122 0.021420
1 0.457744 0.750710 0.425544 0.021420