0 0.147059 0.941764 0.020000 0.020000
0 0.058824 0.941764 0.020000 0.020000
0 0.060659 0.886364 0.020000 0.020000
0 0.147059 0.900568 0.020000 0.020000
0 0.143382 0.823864 0.020000 0.020000
0 0.056988 0.826705 0.020000 0.020000
0 0.060659 0.703127 0.020000 0.020000
0 0.152576 0.707386 0.020000 0.020000
0 0.091912 0.582386 0.020000 0.020000
0 0.093753 0.529827 0.020000 0.020000
0 0.091912 0.470173 0.020000 0.020000
1 0.773900 0.946023 0.247941 0.025682
1 0.712315 0.668325 0.157865 0.021423
1 0.763788 0.584518 0.179929 0.021418
1 0.269303 0.661932 0.065959 0.022845
1 0.089156 0.661932 0.088018 0.022845
2 0.715994 0.772727 0.446694 0.122164
2 0.269303 0.742900 0.443018 0.056818
2 0.500000 0.423295 0.908094 0.051136
2 0.731618 0.380682 0.444859 0.051136
2 0.276653 0.375000 0.465071 0.039773
2 0.753676 0.225143 0.397059 0.115059
2 0.754597 0.154118 0.395218 0.035509
2 0.300553 0.231536 0.501835 0.113636
2 0.296876 0.145595 0.505518 0.049718
2 0.295956 0.091618 0.503676 0.058236