0 0.772059 0.169036 0.020000 0.020000
1 0.317094 0.883523 0.532871 0.020000
1 0.758271 0.884234 0.385812 0.021423
1 0.761029 0.924716 0.383965 0.022841
1 0.322609 0.925427 0.540218 0.021418
1 0.206803 0.277700 0.275512 0.021418
1 0.503676 0.309659 0.898671 0.020000
1 0.499079 0.325282 0.896841 0.020000
1 0.500921 0.342327 0.907865 0.020000
1 0.502756 0.377130 0.900512 0.021423
1 0.505515 0.394886 0.898676 0.022845
1 0.502759 0.448864 0.893165 0.020000
1 0.502759 0.467330 0.893165 0.022841
1 0.497244 0.499291 0.900512 0.021418
1 0.503676 0.516336 0.891329 0.021418
1 0.502759 0.535509 0.896835 0.020000
1 0.498162 0.569602 0.898676 0.022841
1 0.503676 0.587357 0.883965 0.021423
1 0.502759 0.637073 0.893165 0.021418
1 0.500000 0.654830 0.891318 0.022841
1 0.504597 0.674716 0.889488 0.022841
1 0.502756 0.691764 0.885806 0.020000
1 0.499079 0.708807 0.896841 0.022841
1 0.497241 0.725852 0.893165 0.022841
1 0.502759 0.759943 0.882129 0.022841
1 0.500000 0.780539 0.891318 0.021423
2 0.318015 0.220882 0.525735 0.046873
2 0.761029 0.221591 0.363965 0.042618