0 0.071694 0.752842 0.020000 0.020000
0 0.069851 0.778412 0.020000 0.020000
0 0.060659 0.792612 0.020000 0.020000
0 0.066180 0.815339 0.020000 0.020000
0 0.071694 0.836648 0.020000 0.020000
0 0.073529 0.863636 0.020000 0.020000
0 0.363969 0.857952 0.020000 0.020000
0 0.367647 0.842327 0.020000 0.020000
0 0.365812 0.818182 0.020000 0.020000
0 0.367647 0.799715 0.020000 0.020000
0 0.362133 0.775570 0.020000 0.020000
0 0.369482 0.744315 0.020000 0.020000
0 0.658086 0.751418 0.020000 0.020000
0 0.659929 0.776988 0.020000 0.020000
0 0.665443 0.801139 0.020000 0.020000
0 0.658086 0.816764 0.020000 0.020000
0 0.661765 0.840909 0.020000 0.020000
0 0.819851 0.627842 0.020000 0.020000
0 0.897059 0.627842 0.020000 0.020000
0 0.893380 0.610794 0.020000 0.020000
0 0.819851 0.605115 0.020000 0.020000
0 0.823529 0.580964 0.020000 0.020000
0 0.889710 0.588067 0.020000 0.020000
0 0.897059 0.559661 0.020000 0.020000
0 0.830886 0.562497 0.020000 0.020000
0 0.825365 0.549715 0.020000 0.020000
0 0.895224 0.549715 0.020000 0.020000
0 0.895224 0.525570 0.020000 0.020000
0 0.829043 0.525570 0.020000 0.020000
0 0.829043 0.507103 0.020000 0.020000
0 0.893380 0.480115 0.020000 0.020000
0 0.821694 0.480115 0.020000 0.020000
0 0.891545 0.504261 0.020000 0.020000
0 0.823529 0.438921 0.020000 0.020000
0 0.891545 0.438921 0.020000 0.020000
0 0.819851 0.348012 0.020000 0.020000
0 0.884188 0.352273 0.020000 0.020000
0 0.887867 0.328127 0.020000 0.020000
0 0.821694 0.332388 0.020000 0.020000
0 0.818016 0.305400 0.020000 0.020000
0 0.882353 0.303976 0.020000 0.020000
0 0.889710 0.285509 0.020000 0.020000
0 0.825365 0.285509 0.020000 0.020000
0 0.825365 0.271309 0.020000 0.020000
0 0.880518 0.267042 0.020000 0.020000
0 0.887867 0.242897 0.020000 0.020000
0 0.823529 0.247158 0.020000 0.020000
0 0.819851 0.227273 0.020000 0.020000
0 0.889710 0.227273 0.020000 0.020000
0 0.893380 0.200285 0.020000 0.020000
0 0.818016 0.208806 0.020000 0.020000
0 0.834557 0.164776 0.020000 0.020000
0 0.886031 0.163352 0.020000 0.020000
1 0.157169 0.149858 0.058604 0.021424
1 0.219671 0.189630 0.051247 0.021418
1 0.377757 0.188921 0.058604 0.020000
1 0.182902 0.465909 0.058604 0.022836