0 0.104776 0.815341 0.020000 0.020000
0 0.106618 0.694600 0.020000 0.020000
0 0.104776 0.575282 0.020000 0.020000
0 0.102941 0.498582 0.020000 0.020000
0 0.102941 0.416191 0.020000 0.020000
0 0.136029 0.340909 0.020000 0.020000
0 0.132353 0.240055 0.020000 0.020000
0 0.104776 0.153409 0.020000 0.020000
1 0.425550 0.209516 0.190959 0.024259
1 0.833641 0.210936 0.216694 0.021418
1 0.258274 0.542614 0.157865 0.022845
1 0.421874 0.544034 0.121100 0.022841
1 0.616726 0.543325 0.099041 0.021423
1 0.881435 0.544743 0.121106 0.024259
1 0.874079 0.621448 0.128453 0.021423
1 0.612135 0.617900 0.100882 0.020000
1 0.421874 0.617189 0.124782 0.021423
1 0.253676 0.618607 0.152353 0.024259