0 0.491736 0.593753 0.020000 0.020000
0 0.536736 0.599429 0.020000 0.020000
0 0.571864 0.600853 0.020000 0.020000
0 0.610277 0.598012 0.020000 0.020000
0 0.645405 0.599429 0.020000 0.020000
0 0.687114 0.598012 0.020000 0.020000
0 0.713455 0.598012 0.020000 0.020000
0 0.756264 0.599429 0.020000 0.020000
0 0.791386 0.598012 0.020000 0.020000
0 0.827609 0.596588 0.020000 0.020000
0 0.863832 0.595171 0.020000 0.020000
0 0.902245 0.595171 0.020000 0.020000
0 0.934077 0.595171 0.020000 0.020000
0 0.935177 0.656247 0.020000 0.020000
0 0.937373 0.718753 0.020000 0.020000
0 0.936273 0.772729 0.020000 0.020000
0 0.938468 0.832388 0.020000 0.020000
0 0.938468 0.890624 0.020000 0.020000
0 0.493932 0.659088 0.020000 0.020000
0 0.537836 0.654829 0.020000 0.020000
0 0.572959 0.654829 0.020000 0.020000
0 0.611377 0.659088 0.020000 0.020000
0 0.644305 0.653412 0.020000 0.020000
0 0.682723 0.656247 0.020000 0.020000
0 0.718945 0.659088 0.020000 0.020000
0 0.750773 0.654829 0.020000 0.020000
0 0.790291 0.656247 0.020000 0.020000
0 0.826509 0.656247 0.020000 0.020000
0 0.862732 0.653412 0.020000 0.020000
0 0.901150 0.654829 0.020000 0.020000
0 0.714555 0.083806 0.020000 0.020000
0 0.716750 0.129259 0.020000 0.020000
0 0.493932 0.714488 0.020000 0.020000
0 0.535641 0.714488 0.020000 0.020000
0 0.572959 0.715912 0.020000 0.020000
0 0.609182 0.714488 0.020000 0.020000
0 0.645405 0.715912 0.020000 0.020000
0 0.682723 0.713071 0.020000 0.020000
0 0.720041 0.714488 0.020000 0.020000
0 0.754068 0.717329 0.020000 0.020000
0 0.791386 0.711647 0.020000 0.020000
0 0.828705 0.714488 0.020000 0.020000
0 0.862732 0.715912 0.020000 0.020000
0 0.902245 0.713071 0.020000 0.020000
0 0.901150 0.776988 0.020000 0.020000
0 0.898955 0.833806 0.020000 0.020000
0 0.900050 0.889206 0.020000 0.020000
0 0.862732 0.893465 0.020000 0.020000
0 0.864927 0.835229 0.020000 0.020000
0 0.862732 0.775571 0.020000 0.020000
0 0.823218 0.774147 0.020000 0.020000
0 0.827609 0.835229 0.020000 0.020000
0 0.827609 0.892047 0.020000 0.020000
0 0.790291 0.889206 0.020000 0.020000
0 0.791386 0.832388 0.020000 0.020000
0 0.790291 0.774147 0.020000 0.020000
0 0.754068 0.775571 0.020000 0.020000
0 0.716750 0.769888 0.020000 0.020000
0 0.679427 0.771306 0.020000 0.020000
0 0.646500 0.775571 0.020000 0.020000
0 0.609182 0.774147 0.020000 0.020000
0 0.681623 0.833806 0.020000 0.020000
0 0.720041 0.830965 0.020000 0.020000
0 0.755164 0.833806 0.020000 0.020000
0 0.752968 0.889206 0.020000 0.020000
0 0.716750 0.892047 0.020000 0.020000
0 0.681623 0.892047 0.020000 0.020000
0 0.644305 0.894888 0.020000 0.020000
0 0.646500 0.832388 0.020000 0.020000
0 0.608082 0.833806 0.020000 0.020000
0 0.610277 0.887782 0.020000 0.020000
0 0.571864 0.892047 0.020000 0.020000
0 0.576255 0.835229 0.020000 0.020000
0 0.570764 0.772729 0.020000 0.020000
0 0.537836 0.776988 0.020000 0.020000
0 0.537836 0.829547 0.020000 0.020000
0 0.534541 0.892047 0.020000 0.020000
0 0.495027 0.890624 0.020000 0.020000
0 0.493932 0.833806 0.020000 0.020000
0 0.497223 0.771306 0.020000 0.020000
0 0.520273 0.282671 0.020000 0.020000
2 0.158607 0.595171 0.225014 0.056824
2 0.327093 0.600850 0.103177 0.056818
2 0.428073 0.597303 0.092200 0.052559
2 0.156411 0.656250 0.222814 0.056818
2 0.325995 0.659800 0.105373 0.058235
2 0.425330 0.652700 0.095495 0.055400
2 0.159705 0.712359 0.222818 0.058235
2 0.328739 0.715909 0.108668 0.056818
2 0.426427 0.714491 0.088909 0.056818
2 0.161900 0.772018 0.222818 0.061082
2 0.325445 0.774150 0.106473 0.062500
2 0.426977 0.769888 0.092200 0.065341
2 0.163545 0.831676 0.223918 0.058235
2 0.329836 0.832385 0.106473 0.062500
2 0.425877 0.835229 0.092200 0.059659
2 0.162995 0.889206 0.218427 0.059659
2 0.327093 0.894176 0.098786 0.055400
2 0.428073 0.893465 0.096591 0.053976
2 0.291968 0.198153 0.491736 0.038353
2 0.632232 0.196735 0.193182 0.038353
2 0.841327 0.197444 0.222818 0.034088
2 0.841327 0.232953 0.222818 0.036929
2 0.632780 0.235085 0.187695 0.038347
2 0.451670 0.232953 0.174523 0.036929
2 0.206900 0.232956 0.315018 0.031253
2 0.388011 0.330256 0.681623 0.038347
2 0.838584 0.332385 0.223914 0.036935
2 0.840230 0.373579 0.225014 0.036935
2 0.631682 0.370738 0.187691 0.039771
2 0.450025 0.369318 0.169032 0.039776
2 0.207452 0.368609 0.320505 0.041194
2 0.207450 0.467329 0.318309 0.031247
2 0.452220 0.468750 0.169032 0.034088
2 0.632230 0.471591 0.190986 0.034088
2 0.840232 0.471591 0.227209 0.039771
2 0.839684 0.427556 0.232695 0.036935
2 0.633877 0.429688 0.189891 0.038353
2 0.296907 0.431818 0.490641 0.039776