0 0.409929 0.207386 0.020000 0.020000
0 0.409929 0.238636 0.020000 0.020000
0 0.409929 0.258523 0.020000 0.020000
0 0.194853 0.619318 0.020000 0.020000
0 0.196694 0.684659 0.020000 0.020000
0 0.731618 0.400568 0.020000 0.020000
0 0.788600 0.400568 0.020000 0.020000
0 0.733459 0.127841 0.020000 0.020000
0 0.729776 0.151991 0.020000 0.020000
2 0.668200 0.783380 0.545953 0.052559
2 0.333641 0.840909 0.568012 0.053982
2 0.773894 0.838068 0.323529 0.045455
2 0.833641 0.593750 0.215071 0.028409
2 0.602024 0.561789 0.663600 0.026986
2 0.769303 0.461645 0.351100 0.068182
2 0.325368 0.455966 0.540441 0.065341
2 0.666362 0.336648 0.542276 0.071023
2 0.442097 0.147016 0.314335 0.049714
2 0.770221 0.186082 0.334559 0.022727
2 0.375000 0.186791 0.194847 0.032673
2 0.357538 0.590200 0.174629 0.024145