0 0.915441 0.173295 0.020000 0.020000
2 0.840074 0.203123 0.121324 0.017045
2 0.922794 0.205964 0.029412 0.011364
2 0.844668 0.225143 0.123159 0.032668
2 0.920953 0.227273 0.029412 0.036927
2 0.557906 0.429686 0.031247 0.015627
2 0.641541 0.430395 0.132353 0.017045
2 0.720588 0.430395 0.029412 0.017045
2 0.557906 0.524857 0.045953 0.024150
2 0.645224 0.527698 0.132353 0.026986
2 0.727021 0.526989 0.038606 0.025568
2 0.559744 0.551845 0.034924 0.009945
2 0.644303 0.552557 0.130512 0.014205
2 0.728859 0.551848 0.031247 0.015623
2 0.561582 0.568893 0.038600 0.015623
2 0.644303 0.567470 0.130512 0.018468
2 0.725185 0.568182 0.027571 0.017045
2 0.839156 0.281250 0.123159 0.071027
2 0.920038 0.284091 0.034924 0.073864
2 0.838235 0.326705 0.125000 0.017045
2 0.921876 0.327414 0.034929 0.015627
2 0.834559 0.342330 0.121329 0.014205
2 0.922794 0.342327 0.040435 0.011364
2 0.839153 0.361505 0.119482 0.026991
2 0.926471 0.367186 0.040447 0.029827
2 0.946694 0.382100 0.000000 0.000000
2 0.840991 0.392755 0.130512 0.032673
2 0.928309 0.395595 0.047794 0.029827
2 0.841912 0.433241 0.132353 0.039773
2 0.923715 0.433241 0.027571 0.039773
2 0.937500 0.453127 0.000000 0.000000
2 0.838235 0.460227 0.125000 0.014200
2 0.919118 0.465198 0.029412 0.015623
2 0.838235 0.544743 0.128682 0.086650
2 0.920038 0.545455 0.038606 0.085227
2 0.840994 0.598011 0.126835 0.014205
2 0.921874 0.597302 0.031253 0.018468
2 0.937500 0.606536 0.000000 0.000000
2 0.839156 0.612927 0.126841 0.012782
2 0.919118 0.612216 0.036765 0.014205
2 0.840994 0.629259 0.126835 0.017045
2 0.918197 0.627841 0.038606 0.022727
2 0.841912 0.642757 0.125000 0.015623
2 0.917279 0.645598 0.040441 0.012786
2 0.841912 0.738636 0.128671 0.039773
2 0.908088 0.717327 0.000000 0.000000
2 0.921876 0.735795 0.034929 0.045455
2 0.840074 0.486505 0.128676 0.029827
2 0.910847 0.476564 0.001835 0.001418
2 0.920956 0.486507 0.040441 0.021305
2 0.838235 0.772727 0.125000 0.028409
2 0.920038 0.774857 0.038606 0.024150
2 0.841912 0.817470 0.132353 0.061077
2 0.925550 0.815341 0.034924 0.053973
2 0.837315 0.860795 0.126841 0.034091
2 0.930147 0.862216 0.029412 0.031250