0 0.123161 0.251418 0.020000 0.020000
0 0.117647 0.261364 0.020000 0.020000
0 0.121325 0.279830 0.020000 0.020000
0 0.123161 0.319600 0.020000 0.020000
0 0.123161 0.330964 0.020000 0.020000
0 0.126839 0.339491 0.020000 0.020000
0 0.121325 0.359376 0.020000 0.020000
0 0.128675 0.367897 0.020000 0.020000
0 0.121325 0.387782 0.020000 0.020000
0 0.123161 0.420455 0.020000 0.020000
0 0.125004 0.438921 0.020000 0.020000
0 0.123161 0.446024 0.020000 0.020000
0 0.123161 0.481533 0.020000 0.020000
0 0.123161 0.505685 0.020000 0.020000
0 0.125004 0.531248 0.020000 0.020000
0 0.126839 0.552558 0.020000 0.020000
0 0.420957 0.552558 0.020000 0.020000
0 0.426471 0.542612 0.020000 0.020000
0 0.428306 0.519885 0.020000 0.020000
0 0.422792 0.509945 0.020000 0.020000
0 0.431984 0.488636 0.020000 0.020000
0 0.422792 0.451703 0.020000 0.020000
0 0.428306 0.437503 0.020000 0.020000
0 0.428306 0.421873 0.020000 0.020000
0 0.422792 0.413352 0.020000 0.020000
0 0.431984 0.376418 0.020000 0.020000
0 0.420957 0.360794 0.020000 0.020000
0 0.424635 0.342327 0.020000 0.020000
0 0.426471 0.311079 0.020000 0.020000
0 0.426471 0.294036 0.020000 0.020000
0 0.424635 0.284091 0.020000 0.020000
0 0.428306 0.269885 0.020000 0.020000
0 0.424635 0.254261 0.020000 0.020000
0 0.426471 0.238636 0.020000 0.020000
0 0.726102 0.230115 0.020000 0.020000
0 0.727937 0.245739 0.020000 0.020000
0 0.724267 0.281248 0.020000 0.020000
0 0.733459 0.302558 0.020000 0.020000
0 0.733459 0.328127 0.020000 0.020000
0 0.731616 0.346594 0.020000 0.020000
0 0.729780 0.362218 0.020000 0.020000
0 0.726102 0.399145 0.020000 0.020000
0 0.737129 0.410509 0.020000 0.020000
0 0.727937 0.427558 0.020000 0.020000
0 0.731616 0.463067 0.020000 0.020000
0 0.735294 0.482958 0.020000 0.020000
1 0.414522 0.160512 0.385812 0.022842
1 0.300553 0.830964 0.385812 0.020000
1 0.303310 0.850855 0.383969 0.020000
1 0.295035 0.875712 0.393161 0.024261
1 0.311580 0.894888 0.367427 0.022842
1 0.730698 0.896306 0.382133 0.022842
1 0.738051 0.871448 0.389482 0.027103
1 0.742647 0.852982 0.391318 0.021418
1 0.740812 0.830964 0.387647 0.020000
1 0.192094 0.659800 0.165224 0.021418
1 0.194851 0.682527 0.170737 0.021418
1 0.194855 0.703836 0.159702 0.021418
1 0.196694 0.730112 0.170737 0.022842
1 0.199451 0.753552 0.165224 0.021418
1 0.329965 0.753552 0.102722 0.021418
1 0.328122 0.727273 0.102722 0.025685
1 0.321690 0.706676 0.115584 0.021424
1 0.330882 0.681818 0.111914 0.020000
1 0.326286 0.658382 0.106392 0.027103
1 0.432902 0.659091 0.106400 0.020000
1 0.436584 0.681818 0.102722 0.020000
1 0.437498 0.703127 0.119263 0.020000
1 0.434741 0.730115 0.121106 0.025685
1 0.434741 0.755685 0.095365 0.020000
1 0.611216 0.659091 0.168894 0.022836
1 0.613969 0.682527 0.167059 0.021418
1 0.607537 0.705967 0.172580 0.022842
1 0.620404 0.730112 0.168902 0.022842
1 0.613969 0.753552 0.178086 0.024267
1 0.757353 0.655539 0.133969 0.024267
1 0.762867 0.684658 0.119271 0.022842
1 0.750918 0.708809 0.135812 0.022842
1 0.760110 0.730115 0.128455 0.020000
1 0.757353 0.752842 0.104557 0.020000
1 0.873161 0.752842 0.126620 0.020000
1 0.870404 0.730115 0.106392 0.025685
1 0.875922 0.705255 0.106400 0.021418
1 0.874082 0.686079 0.106392 0.025685
1 0.874078 0.656961 0.117427 0.021424
1 0.822608 0.158379 0.231396 0.024261