0 0.310806 0.041195 0.020000 0.020000
0 0.408276 0.036933 0.020000 0.020000
0 0.465282 0.157669 0.020000 0.020000
0 0.470800 0.292612 0.020000 0.020000
0 0.630800 0.292612 0.020000 0.020000
0 0.794476 0.159091 0.020000 0.020000
0 0.799994 0.265625 0.020000 0.020000
2 0.184829 0.150568 0.200459 0.028405
2 0.285056 0.190341 0.397241 0.045452
2 0.281376 0.224432 0.400918 0.028410
2 0.282297 0.257101 0.402759 0.031249
2 0.206897 0.288353 0.248276 0.028410
2 0.282297 0.089489 0.399076 0.085229
2 0.565515 0.070311 0.167359 0.041195
2 0.568274 0.115057 0.165512 0.042617
2 0.565515 0.193180 0.156324 0.039773
2 0.725512 0.193180 0.160000 0.039773
2 0.567353 0.243610 0.156318 0.055398