0 0.205882 0.413355 0.020000 0.020000
0 0.191176 0.451705 0.020000 0.020000
0 0.200365 0.482955 0.020000 0.020000
0 0.202206 0.522727 0.020000 0.020000
0 0.319853 0.697445 0.020000 0.020000
0 0.235294 0.701705 0.020000 0.020000
1 0.627756 0.140627 0.639488 0.020000
1 0.625921 0.176136 0.643159 0.020000
1 0.648897 0.211645 0.604559 0.020000
1 0.636950 0.248580 0.621100 0.022841
1 0.636950 0.287643 0.621100 0.021423
1 0.649818 0.316052 0.599047 0.021423
1 0.434741 0.352273 0.209341 0.022836
1 0.813418 0.354405 0.275518 0.024264
1 0.694853 0.566052 0.501612 0.021423
1 0.725182 0.602984 0.451988 0.024259
1 0.587315 0.743609 0.720371 0.021418
1 0.597426 0.775568 0.700147 0.022845