1 0.318933 0.543324 0.532863 0.021424
1 0.680149 0.546873 0.156031 0.020000
2 0.382353 0.711648 0.691169 0.039770
2 0.841910 0.714488 0.227945 0.034091
2 0.384192 0.391333 0.702204 0.029830
2 0.848345 0.390624 0.226102 0.031248
2 0.898894 0.421876 0.128675 0.031255
2 0.784925 0.422588 0.099263 0.029830
2 0.635110 0.422588 0.200369 0.029830
2 0.288604 0.422588 0.492643 0.029830
2 0.287686 0.197442 0.509192 0.031248
2 0.637871 0.196021 0.191176 0.034091
2 0.852941 0.193182 0.231624 0.028412
2 0.899820 0.225852 0.137867 0.036927
2 0.784008 0.229403 0.093757 0.029824
2 0.636949 0.228694 0.200361 0.028406
2 0.287686 0.225142 0.498165 0.035509