0 0.066176 0.146309 0.020000 0.020000
0 0.101106 0.146309 0.020000 0.020000
0 0.132353 0.147727 0.020000 0.020000
0 0.165441 0.147727 0.020000 0.020000
0 0.189341 0.144886 0.020000 0.020000
0 0.213235 0.149145 0.020000 0.020000
0 0.240812 0.147727 0.020000 0.020000
0 0.272059 0.149145 0.020000 0.020000
0 0.294118 0.149145 0.020000 0.020000
0 0.329047 0.147727 0.020000 0.020000
0 0.351106 0.147727 0.020000 0.020000
0 0.363971 0.149145 0.020000 0.020000
0 0.415441 0.151991 0.020000 0.020000
0 0.457718 0.147727 0.020000 0.020000
0 0.487129 0.147727 0.020000 0.020000
0 0.523894 0.146309 0.020000 0.020000
0 0.549635 0.149145 0.020000 0.020000
0 0.577206 0.149145 0.020000 0.020000
0 0.604776 0.147727 0.020000 0.020000
0 0.612129 0.149145 0.020000 0.020000
0 0.654412 0.146309 0.020000 0.020000
0 0.691176 0.149145 0.020000 0.020000
0 0.715071 0.146309 0.020000 0.020000
0 0.740812 0.149145 0.020000 0.020000
0 0.768382 0.150568 0.020000 0.020000
0 0.799635 0.147727 0.020000 0.020000
0 0.814341 0.147727 0.020000 0.020000
0 0.845588 0.150568 0.020000 0.020000
0 0.867647 0.150568 0.020000 0.020000
0 0.897059 0.149145 0.020000 0.020000
0 0.941176 0.147727 0.020000 0.020000
0 0.068012 0.193182 0.020000 0.020000
0 0.099265 0.188918 0.020000 0.020000
0 0.123165 0.190341 0.020000 0.020000
0 0.176471 0.187500 0.020000 0.020000
0 0.215071 0.186082 0.020000 0.020000
0 0.253676 0.187500 0.020000 0.020000
0 0.292282 0.190341 0.020000 0.020000
0 0.323529 0.190341 0.020000 0.020000
0 0.351106 0.190341 0.020000 0.020000
0 0.075365 0.275568 0.020000 0.020000
0 0.143382 0.269886 0.020000 0.020000
0 0.071694 0.359373 0.020000 0.020000
0 0.068012 0.372159 0.020000 0.020000
0 0.077206 0.389205 0.020000 0.020000
0 0.075365 0.406250 0.020000 0.020000
0 0.073529 0.420455 0.020000 0.020000
0 0.068012 0.433236 0.020000 0.020000
0 0.073529 0.447445 0.020000 0.020000
0 0.079047 0.464491 0.020000 0.020000
0 0.073529 0.481536 0.020000 0.020000
0 0.073529 0.521309 0.020000 0.020000
0 0.071694 0.829545 0.020000 0.020000
0 0.148894 0.833809 0.020000 0.020000
1 0.334559 0.539773 0.277353 0.020000
1 0.636029 0.539064 0.211176 0.021418
1 0.891541 0.536220 0.122941 0.021423
1 0.886947 0.553266 0.132129 0.021423
1 0.634191 0.553266 0.192794 0.021423
1 0.344668 0.553977 0.290218 0.025682
1 0.635109 0.487218 0.213018 0.020000
1 0.636029 0.468750 0.203824 0.020000
1 0.633274 0.453836 0.216688 0.021418
1 0.635109 0.439630 0.213018 0.021423
1 0.633271 0.424716 0.209341 0.022841
1 0.633274 0.411220 0.216688 0.021423
1 0.638788 0.394886 0.209341 0.020000
1 0.631435 0.379261 0.209341 0.022841
1 0.633271 0.365055 0.209341 0.020000
1 0.893382 0.362927 0.126624 0.021418
1 0.886950 0.377130 0.135806 0.021423
1 0.886950 0.394175 0.124782 0.021423
1 0.889706 0.411932 0.126612 0.022845
1 0.892462 0.424718 0.135806 0.020000
1 0.891544 0.440341 0.133971 0.020000
1 0.886947 0.455257 0.117424 0.024259
1 0.892465 0.471591 0.128459 0.022836
1 0.890624 0.487214 0.135812 0.025682
2 0.494482 0.757814 0.897059 0.109373
2 0.494482 0.881391 0.897059 0.137782
2 0.491726 0.622159 0.887865 0.119318