0 0.071694 0.211645 0.020000 0.020000
0 0.139706 0.211645 0.020000 0.020000
0 0.145224 0.245736 0.020000 0.020000
0 0.068012 0.248582 0.020000 0.020000
0 0.069853 0.311082 0.020000 0.020000
0 0.141541 0.309659 0.020000 0.020000
0 0.143382 0.401991 0.020000 0.020000
0 0.069853 0.399145 0.020000 0.020000
0 0.064341 0.112218 0.020000 0.020000
0 0.147059 0.109373 0.020000 0.020000
0 0.345588 0.036932 0.020000 0.020000
0 0.369482 0.039773 0.020000 0.020000
0 0.397059 0.039773 0.020000 0.020000
0 0.450365 0.042614 0.020000 0.020000
0 0.488971 0.041191 0.020000 0.020000
0 0.553306 0.036932 0.020000 0.020000
0 0.569853 0.036932 0.020000 0.020000
0 0.599265 0.041191 0.020000 0.020000
0 0.619482 0.044036 0.020000 0.020000
1 0.240812 0.277698 0.225882 0.024259
1 0.488053 0.277700 0.143165 0.021418
1 0.763788 0.276991 0.312282 0.020000
1 0.199450 0.149859 0.102724 0.024264
1 0.198529 0.165482 0.093529 0.021418
1 0.200368 0.181109 0.097206 0.021418
1 0.432903 0.149145 0.132135 0.020000
1 0.431068 0.166193 0.139488 0.022841
1 0.428309 0.181109 0.133971 0.021418
1 0.566176 0.733664 0.295741 0.021418
2 0.501838 0.427557 0.900735 0.088068
2 0.497241 0.326705 0.906247 0.076700
2 0.500000 0.523439 0.897059 0.072441
2 0.227024 0.620030 0.354776 0.049714
2 0.582721 0.620739 0.356618 0.048295
2 0.856618 0.620027 0.191176 0.046873
2 0.795956 0.666902 0.312500 0.044032
2 0.488971 0.669743 0.301471 0.038350
2 0.194853 0.671875 0.283094 0.042614