0 0.823529 0.120739 0.020000 0.020000
0 0.829043 0.136364 0.020000 0.020000
0 0.819851 0.157673 0.020000 0.020000
0 0.823529 0.171873 0.020000 0.020000
0 0.884188 0.176133 0.020000 0.020000
0 0.884188 0.160509 0.020000 0.020000
0 0.886031 0.143467 0.020000 0.020000
0 0.880518 0.125000 0.020000 0.020000
0 0.488973 0.196024 0.020000 0.020000
0 0.490808 0.180400 0.020000 0.020000
0 0.481616 0.154830 0.020000 0.020000
0 0.485294 0.137782 0.020000 0.020000
0 0.488973 0.129261 0.020000 0.020000
0 0.545953 0.122158 0.020000 0.020000
0 0.545953 0.142042 0.020000 0.020000
0 0.545953 0.156248 0.020000 0.020000
0 0.547796 0.176133 0.020000 0.020000
0 0.549631 0.190339 0.020000 0.020000
0 0.889710 0.268467 0.020000 0.020000
0 0.884188 0.286933 0.020000 0.020000
0 0.884188 0.301133 0.020000 0.020000
0 0.819851 0.305400 0.020000 0.020000
0 0.818016 0.289770 0.020000 0.020000
0 0.812502 0.267042 0.020000 0.020000
0 0.818016 0.342327 0.020000 0.020000
0 0.825365 0.360794 0.020000 0.020000
0 0.819851 0.375000 0.020000 0.020000
0 0.821694 0.397727 0.020000 0.020000
0 0.823529 0.437503 0.020000 0.020000
0 0.823529 0.457388 0.020000 0.020000
0 0.821694 0.477273 0.020000 0.020000
0 0.823529 0.497158 0.020000 0.020000
0 0.825365 0.507103 0.020000 0.020000
0 0.823529 0.522727 0.020000 0.020000
0 0.819851 0.536933 0.020000 0.020000
0 0.827208 0.582388 0.020000 0.020000
0 0.819851 0.607952 0.020000 0.020000
0 0.827208 0.640624 0.020000 0.020000
0 0.818016 0.664776 0.020000 0.020000
0 0.827208 0.674715 0.020000 0.020000
0 0.827208 0.713067 0.020000 0.020000
0 0.825365 0.738636 0.020000 0.020000
0 0.819851 0.758521 0.020000 0.020000
0 0.876839 0.758521 0.020000 0.020000
0 0.887867 0.735794 0.020000 0.020000
0 0.884188 0.710230 0.020000 0.020000
0 0.880518 0.686079 0.020000 0.020000
0 0.884188 0.667612 0.020000 0.020000
0 0.882353 0.636364 0.020000 0.020000
0 0.880518 0.602273 0.020000 0.020000
0 0.880518 0.589491 0.020000 0.020000
0 0.876839 0.539770 0.020000 0.020000
0 0.882353 0.529830 0.020000 0.020000
0 0.874996 0.507103 0.020000 0.020000
0 0.882353 0.485794 0.020000 0.020000
0 0.880518 0.474430 0.020000 0.020000
0 0.873161 0.460230 0.020000 0.020000
0 0.871325 0.438921 0.020000 0.020000
0 0.878675 0.403406 0.020000 0.020000
0 0.886031 0.382103 0.020000 0.020000
0 0.880518 0.365055 0.020000 0.020000
0 0.878675 0.346594 0.020000 0.020000
0 0.455882 0.264206 0.020000 0.020000
0 0.395224 0.264206 0.020000 0.020000
0 0.382353 0.284091 0.020000 0.020000
0 0.457718 0.288352 0.020000 0.020000
0 0.457718 0.296873 0.020000 0.020000
0 0.393380 0.301133 0.020000 0.020000
0 0.387867 0.346594 0.020000 0.020000
0 0.391545 0.366479 0.020000 0.020000
0 0.397059 0.377842 0.020000 0.020000
0 0.389702 0.399145 0.020000 0.020000
0 0.398894 0.413352 0.020000 0.020000
0 0.391545 0.430400 0.020000 0.020000
0 0.463231 0.428976 0.020000 0.020000
0 0.454047 0.409091 0.020000 0.020000
0 0.448533 0.393467 0.020000 0.020000
0 0.454047 0.377842 0.020000 0.020000
0 0.452204 0.357952 0.020000 0.020000
0 0.450369 0.346594 0.020000 0.020000
0 0.395224 0.465909 0.020000 0.020000
0 0.395224 0.487218 0.020000 0.020000
0 0.389702 0.504261 0.020000 0.020000
0 0.455882 0.502842 0.020000 0.020000
0 0.455882 0.481533 0.020000 0.020000
0 0.452204 0.471588 0.020000 0.020000
0 0.389702 0.542612 0.020000 0.020000
0 0.393380 0.566764 0.020000 0.020000
0 0.457718 0.563921 0.020000 0.020000
0 0.448533 0.552558 0.020000 0.020000
0 0.393380 0.606533 0.020000 0.020000
0 0.386031 0.629261 0.020000 0.020000
0 0.398894 0.643467 0.020000 0.020000
0 0.387867 0.661933 0.020000 0.020000
0 0.395224 0.677558 0.020000 0.020000
0 0.402573 0.694600 0.020000 0.020000
0 0.397059 0.707388 0.020000 0.020000
0 0.393380 0.727273 0.020000 0.020000
0 0.389702 0.738636 0.020000 0.020000
0 0.398894 0.761364 0.020000 0.020000
0 0.400737 0.778412 0.020000 0.020000
0 0.448533 0.785509 0.020000 0.020000
0 0.457718 0.762782 0.020000 0.020000
0 0.452204 0.745739 0.020000 0.020000
0 0.455882 0.737218 0.020000 0.020000
0 0.457718 0.718752 0.020000 0.020000
0 0.457718 0.698861 0.020000 0.020000
0 0.454047 0.677558 0.020000 0.020000
0 0.454047 0.667612 0.020000 0.020000
0 0.452204 0.651988 0.020000 0.020000
0 0.455882 0.625000 0.020000 0.020000
0 0.448533 0.607952 0.020000 0.020000
1 0.287682 0.368609 0.135804 0.021424
1 0.408086 0.079545 0.383969 0.025685
1 0.819855 0.080258 0.240588 0.024261