0 0.079047 0.943182 0.020000 0.020000
0 0.075365 0.919036 0.020000 0.020000
0 0.069853 0.890627 0.020000 0.020000
0 0.079047 0.872159 0.020000 0.020000
0 0.071694 0.842327 0.020000 0.020000
0 0.080882 0.809659 0.020000 0.020000
0 0.086400 0.782673 0.020000 0.020000
0 0.150735 0.782673 0.020000 0.020000
0 0.143382 0.734373 0.020000 0.020000
0 0.068012 0.732955 0.020000 0.020000
0 0.082718 0.562500 0.020000 0.020000
0 0.139706 0.566764 0.020000 0.020000
0 0.400735 0.566764 0.020000 0.020000
0 0.455882 0.561082 0.020000 0.020000
0 0.661765 0.565341 0.020000 0.020000
0 0.735294 0.565341 0.020000 0.020000
0 0.308824 0.375000 0.020000 0.020000
0 0.310659 0.350855 0.020000 0.020000
0 0.161765 0.370736 0.020000 0.020000
0 0.158088 0.356536 0.020000 0.020000
0 0.167282 0.319600 0.020000 0.020000
0 0.075365 0.319600 0.020000 0.020000
0 0.068012 0.352273 0.020000 0.020000
0 0.073529 0.370736 0.020000 0.020000
1 0.740809 0.855825 0.325147 0.021423
1 0.395221 0.928977 0.420735 0.020000
2 0.761950 0.768468 0.380512 0.051136
2 0.163600 0.678977 0.235294 0.042609
2 0.395224 0.678268 0.220588 0.038355
2 0.730700 0.639914 0.450365 0.038355
2 0.839156 0.676848 0.226100 0.049714
2 0.613053 0.678977 0.226106 0.042609
2 0.272059 0.639916 0.455882 0.035514
2 0.502759 0.607243 0.917282 0.029832
2 0.826288 0.452414 0.259188 0.129264
2 0.371324 0.453125 0.650741 0.127841
2 0.561582 0.369318 0.273894 0.042618
2 0.826288 0.368609 0.255518 0.044036
2 0.842829 0.315341 0.229776 0.036936
2 0.842829 0.279118 0.226106 0.032673
2 0.575371 0.278409 0.301471 0.031255
2 0.575371 0.316050 0.301471 0.038355
2 0.231618 0.280539 0.363965 0.035514