1 0.280332 0.181109 0.396841 0.021418
1 0.725182 0.182530 0.393165 0.024259
1 0.280329 0.237927 0.385812 0.021418
1 0.735294 0.235795 0.387647 0.022845
1 0.725185 0.285509 0.404194 0.020000
1 0.721509 0.335227 0.396841 0.022836
1 0.723344 0.382814 0.389488 0.024264
1 0.284929 0.377130 0.402353 0.021423
1 0.277576 0.333098 0.387647 0.021423
1 0.279412 0.284800 0.395000 0.021418
1 0.280329 0.472300 0.400518 0.021418
1 0.719671 0.477273 0.404188 0.022836
1 0.719671 0.533380 0.400518 0.024259
1 0.283088 0.536932 0.387647 0.022845
1 0.278494 0.582386 0.400518 0.020000
1 0.719671 0.583095 0.385812 0.027100
1 0.725185 0.632814 0.404194 0.027100
1 0.277574 0.632102 0.391324 0.022841
1 0.277576 0.676848 0.402353 0.024259
1 0.726103 0.681107 0.369265 0.024259