0 0.363971 0.349432 0.020000 0.020000
0 0.582718 0.349432 0.020000 0.020000
0 0.702206 0.400568 0.020000 0.020000
0 0.698529 0.379264 0.020000 0.020000
0 0.527576 0.379264 0.020000 0.020000
0 0.426471 0.380682 0.020000 0.020000
0 0.424635 0.404827 0.020000 0.020000
0 0.244482 0.407673 0.020000 0.020000
0 0.084559 0.409091 0.020000 0.020000
0 0.055147 0.659091 0.020000 0.020000
0 0.051471 0.676136 0.020000 0.020000
0 0.055147 0.744318 0.020000 0.020000
0 0.055147 0.769886 0.020000 0.020000
1 0.500921 0.276277 0.922571 0.024264
1 0.500918 0.302555 0.929929 0.020000
1 0.501838 0.321734 0.928088 0.021423
1 0.496324 0.473720 0.917059 0.021423
1 0.498159 0.495030 0.924412 0.024259
1 0.496324 0.521309 0.920741 0.020000
1 0.501835 0.542614 0.931765 0.020000
1 0.514706 0.708098 0.895000 0.021423
1 0.744485 0.687500 0.435441 0.025682
1 0.510112 0.730114 0.893165 0.022845
1 0.604779 0.818182 0.707500 0.025682
1 0.500000 0.843750 0.924412 0.025682
1 0.493568 0.865766 0.926253 0.021423
1 0.495403 0.889916 0.929924 0.021423
1 0.498162 0.909800 0.928088 0.021418
2 0.384188 0.574575 0.676471 0.041195
2 0.840071 0.575993 0.235294 0.044032
2 0.379594 0.940341 0.670953 0.034091
2 0.840074 0.938211 0.231618 0.026986
2 0.381432 0.181109 0.670959 0.032673
2 0.838235 0.181107 0.227941 0.026986
2 0.500921 0.213068 0.906253 0.028409