0 0.069853 0.883523 0.020000 0.020000
0 0.156247 0.877841 0.020000 0.020000
0 0.158088 0.913355 0.020000 0.020000
0 0.069853 0.924718 0.020000 0.020000
0 0.068012 0.953127 0.020000 0.020000
0 0.156247 0.961645 0.020000 0.020000
1 0.499079 0.315341 0.893159 0.025682
1 0.258274 0.477273 0.437276 0.025682
1 0.549632 0.477982 0.126618 0.021418
1 0.779412 0.481534 0.310447 0.022841
1 0.774815 0.504970 0.315959 0.027105
1 0.543200 0.502132 0.121106 0.024264
1 0.256435 0.503550 0.415224 0.024264
1 0.264706 0.552555 0.424412 0.020000
1 0.543197 0.557527 0.113747 0.021418
1 0.780332 0.558948 0.319629 0.021423
1 0.783088 0.579545 0.321471 0.020000
1 0.544118 0.583807 0.115588 0.022841
1 0.262868 0.583095 0.420735 0.024264
1 0.410844 0.725855 0.705665 0.020000
1 0.849265 0.723014 0.207494 0.025682
1 0.499079 0.784800 0.893159 0.021418