0 0.931988 0.139204 0.020000 0.020000
0 0.925471 0.156250 0.020000 0.020000
0 0.084724 0.129262 0.020000 0.020000
0 0.189006 0.130681 0.020000 0.020000
0 0.063000 0.151988 0.020000 0.020000
0 0.080382 0.154831 0.020000 0.020000
0 0.143382 0.153408 0.020000 0.020000
0 0.169453 0.157669 0.020000 0.020000
0 0.258524 0.150569 0.020000 0.020000
0 0.336729 0.149146 0.020000 0.020000
0 0.414941 0.151988 0.020000 0.020000
0 0.490976 0.151988 0.020000 0.020000
0 0.208559 0.526988 0.020000 0.020000
0 0.032588 0.529831 0.020000 0.020000
0 0.562665 0.528408 0.020000 0.020000
0 0.254176 0.389204 0.020000 0.020000
0 0.569182 0.389204 0.020000 0.020000
2 0.609376 0.151279 0.049965 0.007104
2 0.778826 0.152698 0.232453 0.007104
2 0.321524 0.189631 0.091247 0.012785
2 0.437753 0.188921 0.089071 0.011365
2 0.545288 0.188921 0.082553 0.014204
2 0.882021 0.186790 0.099935 0.018465
2 0.722341 0.207387 0.063000 0.017042
2 0.799465 0.209517 0.039106 0.018465
2 0.907003 0.207387 0.119488 0.017042
2 0.499665 0.245029 0.938506 0.038350
2 0.494235 0.296165 0.945024 0.032669
2 0.080379 0.335937 0.104276 0.018465
2 0.252006 0.336646 0.173800 0.017046
2 0.669118 0.336648 0.590906 0.014204
2 0.874418 0.367898 0.184659 0.017042
2 0.409509 0.369317 0.762535 0.022727
2 0.798379 0.425427 0.341076 0.021308
2 0.799465 0.443892 0.330212 0.012785
2 0.802724 0.461648 0.345424 0.019888
2 0.801638 0.482956 0.347594 0.022727
2 0.799465 0.500000 0.343247 0.014208
2 0.257435 0.575283 0.454047 0.031250
2 0.726688 0.572442 0.484459 0.028408
2 0.941762 0.603694 0.054312 0.011365
2 0.459474 0.605113 0.532253 0.011365
2 0.383438 0.626421 0.384524 0.034088
2 0.425803 0.653410 0.460559 0.022727
2 0.707138 0.629262 0.054312 0.028408
2 0.783171 0.632102 0.049965 0.025565
2 0.903744 0.630681 0.130347 0.025569
2 0.862468 0.650567 0.212900 0.014204
2 0.348679 0.821023 0.636535 0.082385
2 0.813585 0.820312 0.297629 0.083808
2 0.265041 0.697444 0.134694 0.014204
2 0.267215 0.716619 0.130347 0.024146
2 0.117312 0.769177 0.186835 0.015623
2 0.269385 0.766335 0.126006 0.021308
2 0.405165 0.765625 0.145553 0.019888
2 0.499665 0.767756 0.039106 0.015627
2 0.501838 0.696023 0.034759 0.019885
2 0.502926 0.714488 0.041276 0.014208
2 0.509441 0.732954 0.049965 0.019885
2 0.407338 0.735087 0.149900 0.018465
2 0.406250 0.718750 0.156418 0.014208
2 0.414941 0.702413 0.139035 0.018465
2 0.576788 0.698863 0.054306 0.014204
2 0.580044 0.715198 0.047794 0.018465
2 0.572444 0.734375 0.036935 0.019888
2 0.574615 0.767756 0.045618 0.015627
2 0.668032 0.766335 0.097759 0.015623
2 0.671291 0.732954 0.099935 0.017046
2 0.669118 0.716619 0.095588 0.015623
2 0.668032 0.699575 0.097759 0.018465
2 0.841829 0.699573 0.249835 0.021308
2 0.840744 0.720171 0.252006 0.019888
2 0.838571 0.735796 0.243318 0.011362
2 0.848344 0.766337 0.245488 0.018465