0 0.055147 0.177555 0.020000 0.020000
0 0.233459 0.177555 0.020000 0.020000
0 0.102941 0.250000 0.020000 0.020000
0 0.106618 0.275568 0.020000 0.020000
0 0.106618 0.308236 0.020000 0.020000
0 0.110294 0.552555 0.020000 0.020000
0 0.113971 0.582386 0.020000 0.020000
0 0.108459 0.617900 0.020000 0.020000
0 0.568012 0.447445 0.020000 0.020000
0 0.698529 0.443182 0.020000 0.020000
1 0.313418 0.455257 0.396835 0.027105
1 0.317094 0.482245 0.385812 0.021418
1 0.735294 0.484375 0.383976 0.022841
2 0.594668 0.165484 0.431982 0.029832
2 0.879594 0.166905 0.137871 0.026991
2 0.498162 0.196732 0.900735 0.029827