0 0.150735 0.484373 0.020000 0.020000
0 0.257353 0.484373 0.020000 0.020000
0 0.325365 0.512782 0.020000 0.020000
0 0.408088 0.535509 0.020000 0.020000
0 0.150735 0.536932 0.020000 0.020000
0 0.406247 0.482955 0.020000 0.020000
0 0.235294 0.514205 0.020000 0.020000
0 0.147059 0.514205 0.020000 0.020000
0 0.248165 0.535509 0.020000 0.020000
0 0.154412 0.617900 0.020000 0.020000
0 0.266541 0.615055 0.020000 0.020000
0 0.413600 0.616477 0.020000 0.020000
0 0.237129 0.649145 0.020000 0.020000
0 0.154412 0.667614 0.020000 0.020000
0 0.253676 0.667614 0.020000 0.020000
0 0.159929 0.701705 0.020000 0.020000
0 0.147059 0.767045 0.020000 0.020000
0 0.404412 0.735795 0.020000 0.020000
0 0.261029 0.849432 0.020000 0.020000
0 0.255518 0.901991 0.020000 0.020000
0 0.150735 0.901991 0.020000 0.020000
0 0.148894 0.931818 0.020000 0.020000
0 0.330882 0.931818 0.020000 0.020000
0 0.156247 0.092327 0.020000 0.020000
0 0.255518 0.095173 0.020000 0.020000
0 0.413600 0.093750 0.020000 0.020000
0 0.156247 0.126418 0.020000 0.020000
0 0.154412 0.191764 0.020000 0.020000
0 0.264706 0.196023 0.020000 0.020000
0 0.409929 0.190341 0.020000 0.020000
0 0.413600 0.244318 0.020000 0.020000
0 0.235294 0.223009 0.020000 0.020000
0 0.325365 0.223009 0.020000 0.020000
0 0.158088 0.225855 0.020000 0.020000
0 0.238971 0.275568 0.020000 0.020000
0 0.158088 0.339491 0.020000 0.020000
0 0.270224 0.338068 0.020000 0.020000
0 0.238971 0.365055 0.020000 0.020000
0 0.154412 0.387782 0.020000 0.020000
0 0.253676 0.389205 0.020000 0.020000
0 0.154412 0.419036 0.020000 0.020000
0 0.229776 0.823864 0.020000 0.020000