0 0.426110 0.835229 0.020000 0.020000
0 0.482390 0.836648 0.020000 0.020000
0 0.257272 0.345169 0.020000 0.020000
0 0.371839 0.348012 0.020000 0.020000
0 0.532638 0.349431 0.020000 0.020000
0 0.677350 0.348012 0.020000 0.020000
0 0.840157 0.348012 0.020000 0.020000
0 0.912517 0.348012 0.020000 0.020000
0 0.916534 0.386362 0.020000 0.020000
0 0.832117 0.383523 0.020000 0.020000
0 0.731621 0.392044 0.020000 0.020000
0 0.641174 0.389205 0.020000 0.020000
0 0.450230 0.387785 0.020000 0.020000
0 0.343702 0.393467 0.020000 0.020000
0 0.164815 0.410513 0.020000 0.020000
0 0.196975 0.407670 0.020000 0.020000
0 0.217072 0.407670 0.020000 0.020000
0 0.245215 0.413352 0.020000 0.020000
0 0.285414 0.410513 0.020000 0.020000
0 0.269335 0.410513 0.020000 0.020000
0 0.315560 0.409089 0.020000 0.020000
0 0.341694 0.407670 0.020000 0.020000
0 0.735638 0.406251 0.020000 0.020000
0 0.757750 0.407670 0.020000 0.020000
0 0.787901 0.407670 0.020000 0.020000
0 0.816038 0.407670 0.020000 0.020000
0 0.838149 0.407670 0.020000 0.020000
0 0.858246 0.406251 0.020000 0.020000
0 0.894428 0.407670 0.020000 0.020000
0 0.914525 0.407670 0.020000 0.020000
0 0.243206 0.159089 0.020000 0.020000
0 0.269335 0.159089 0.020000 0.020000
0 0.291440 0.157670 0.020000 0.020000
0 0.307520 0.159089 0.020000 0.020000
0 0.333654 0.160513 0.020000 0.020000
0 0.355759 0.159089 0.020000 0.020000
0 0.369831 0.159089 0.020000 0.020000
0 0.389927 0.159089 0.020000 0.020000
0 0.416062 0.160513 0.020000 0.020000
0 0.432142 0.159089 0.020000 0.020000
0 0.522589 0.923296 0.020000 0.020000
0 0.552734 0.919034 0.020000 0.020000
0 0.564797 0.919034 0.020000 0.020000
0 0.600974 0.923296 0.020000 0.020000
0 0.623085 0.919034 0.020000 0.020000
0 0.645191 0.920453 0.020000 0.020000
0 0.673333 0.920453 0.020000 0.020000
0 0.701470 0.921877 0.020000 0.020000
1 0.435154 0.752129 0.102408 0.021419
2 0.618058 0.366477 0.604997 0.014203
2 0.504498 0.428268 0.120599 0.009944
2 0.581878 0.137074 0.681373 0.015626
2 0.780865 0.158380 0.275366 0.021308
2 0.333651 0.213068 0.285414 0.017046
2 0.332647 0.234376 0.287423 0.017046
2 0.333651 0.258523 0.289431 0.017046
2 0.331642 0.276278 0.289431 0.018465
2 0.774834 0.213068 0.291446 0.014207
2 0.720566 0.235795 0.182910 0.014207
2 0.883373 0.231535 0.058288 0.014203
2 0.775838 0.251422 0.293454 0.017046
2 0.776845 0.273437 0.291440 0.012783
2 0.718554 0.290483 0.182904 0.015622
2 0.890405 0.294036 0.064319 0.011364
2 0.594946 0.769175 0.647205 0.009944
2 0.181900 0.922584 0.203001 0.018465
2 0.399979 0.917614 0.192952 0.022728
2 0.823073 0.924006 0.186921 0.021308
2 0.495454 0.507811 0.850206 0.009944
2 0.495451 0.525569 0.854229 0.014207
2 0.497462 0.545455 0.854223 0.019889
2 0.499471 0.566050 0.850206 0.012783
2 0.496458 0.583805 0.848197 0.011364
2 0.496458 0.605113 0.852214 0.011364
2 0.494446 0.624290 0.856237 0.015626
2 0.496458 0.642755 0.852214 0.018465
2 0.496458 0.662642 0.852214 0.021308
2 0.497462 0.681819 0.850206 0.017046