0 0.069853 0.085227 0.020000 0.020000
0 0.316176 0.028409 0.020000 0.020000
0 0.341912 0.026991 0.020000 0.020000
0 0.375000 0.031250 0.020000 0.020000
0 0.428306 0.029827 0.020000 0.020000
0 0.459559 0.034091 0.020000 0.020000
0 0.514706 0.031250 0.020000 0.020000
0 0.536765 0.031250 0.020000 0.020000
0 0.562500 0.032673 0.020000 0.020000
0 0.608459 0.029827 0.020000 0.020000
0 0.066176 0.096591 0.020000 0.020000
0 0.073529 0.115055 0.020000 0.020000
0 0.071694 0.132100 0.020000 0.020000
0 0.064341 0.144886 0.020000 0.020000
0 0.073529 0.167614 0.020000 0.020000
0 0.132353 0.262782 0.020000 0.020000
0 0.066176 0.267045 0.020000 0.020000
0 0.071694 0.357955 0.020000 0.020000
0 0.132353 0.362218 0.020000 0.020000
1 0.165441 0.225143 0.137647 0.021423
1 0.424632 0.225143 0.266324 0.021423
1 0.349265 0.174716 0.137647 0.022841
1 0.618568 0.171873 0.264488 0.020000
1 0.351103 0.148436 0.141324 0.021418
1 0.621324 0.150568 0.258976 0.022845
1 0.624079 0.134234 0.260806 0.021423
1 0.616729 0.120027 0.268165 0.021418
1 0.625000 0.106534 0.258965 0.022841
1 0.625000 0.090200 0.262647 0.021418
1 0.353862 0.087357 0.132135 0.021423
1 0.346506 0.103691 0.139482 0.020000
1 0.354776 0.118609 0.137647 0.021418
1 0.356618 0.134234 0.133965 0.021423
1 0.569853 0.727273 0.295729 0.025682
2 0.501835 0.284091 0.897059 0.082382
2 0.502756 0.382102 0.898900 0.076705
2 0.500918 0.497159 0.909929 0.102273
2 0.226103 0.605114 0.356618 0.042609
2 0.601103 0.605114 0.393382 0.042609
2 0.875921 0.606536 0.156253 0.045455
2 0.796876 0.657673 0.314341 0.056818
2 0.480700 0.658382 0.318012 0.055400
2 0.181068 0.654830 0.277571 0.048295