0 0.757349 0.583806 0.020000 0.020000
0 0.759192 0.606533 0.020000 0.020000
0 0.759192 0.633521 0.020000 0.020000
0 0.713231 0.715909 0.020000 0.020000
0 0.713231 0.755685 0.020000 0.020000
0 0.704047 0.826703 0.020000 0.020000
0 0.812502 0.825285 0.020000 0.020000
0 0.801467 0.755685 0.020000 0.020000
0 0.808824 0.720170 0.020000 0.020000
0 0.251835 0.224430 0.020000 0.020000
0 0.283090 0.225855 0.020000 0.020000
0 0.330886 0.227273 0.020000 0.020000
0 0.378675 0.225855 0.020000 0.020000
0 0.409929 0.225855 0.020000 0.020000
0 0.439341 0.225855 0.020000 0.020000
0 0.483459 0.228691 0.020000 0.020000
0 0.520220 0.228691 0.020000 0.020000
0 0.568016 0.228691 0.020000 0.020000
0 0.612133 0.223012 0.020000 0.020000
0 0.645224 0.227273 0.020000 0.020000
0 0.687498 0.223012 0.020000 0.020000
0 0.727937 0.223012 0.020000 0.020000
0 0.759192 0.223012 0.020000 0.020000
0 0.810659 0.223012 0.020000 0.020000
0 0.801467 0.238636 0.020000 0.020000
0 0.757349 0.240055 0.020000 0.020000
0 0.720588 0.242897 0.020000 0.020000
0 0.676471 0.241479 0.020000 0.020000
0 0.648894 0.240055 0.020000 0.020000
0 0.625004 0.240055 0.020000 0.020000
0 0.582722 0.238636 0.020000 0.020000
0 0.542282 0.238636 0.020000 0.020000
0 0.496322 0.241479 0.020000 0.020000
0 0.448533 0.238636 0.020000 0.020000
0 0.404408 0.244315 0.020000 0.020000
0 0.382353 0.241479 0.020000 0.020000
0 0.334557 0.242897 0.020000 0.020000
0 0.290439 0.241479 0.020000 0.020000
0 0.259192 0.242897 0.020000 0.020000
0 0.238973 0.441764 0.020000 0.020000
0 0.237129 0.451703 0.020000 0.020000
0 0.250000 0.468752 0.020000 0.020000
0 0.250000 0.485794 0.020000 0.020000
0 0.281247 0.494315 0.020000 0.020000
0 0.284925 0.474430 0.020000 0.020000
0 0.281247 0.454545 0.020000 0.020000
0 0.292282 0.440339 0.020000 0.020000
0 0.332722 0.447442 0.020000 0.020000
0 0.327208 0.454545 0.020000 0.020000
0 0.330886 0.478691 0.020000 0.020000
0 0.332722 0.487218 0.020000 0.020000
0 0.373161 0.492897 0.020000 0.020000
0 0.367647 0.471588 0.020000 0.020000
0 0.367647 0.454545 0.020000 0.020000
0 0.371325 0.444600 0.020000 0.020000
0 0.409929 0.444600 0.020000 0.020000
0 0.465075 0.443182 0.020000 0.020000
0 0.490808 0.441764 0.020000 0.020000
0 0.525733 0.441764 0.020000 0.020000
0 0.568016 0.438921 0.020000 0.020000
0 0.564337 0.458806 0.020000 0.020000
0 0.512871 0.463067 0.020000 0.020000
0 0.481616 0.461648 0.020000 0.020000
0 0.439341 0.460230 0.020000 0.020000
0 0.402573 0.460230 0.020000 0.020000
0 0.404408 0.474430 0.020000 0.020000
0 0.446690 0.475855 0.020000 0.020000
0 0.483459 0.473012 0.020000 0.020000
0 0.516541 0.478691 0.020000 0.020000
0 0.571694 0.480115 0.020000 0.020000
0 0.566180 0.494315 0.020000 0.020000
0 0.516541 0.495739 0.020000 0.020000
0 0.483459 0.492897 0.020000 0.020000
0 0.446690 0.494315 0.020000 0.020000
0 0.409929 0.494315 0.020000 0.020000
0 0.595592 0.495739 0.020000 0.020000
0 0.602941 0.477273 0.020000 0.020000
0 0.601106 0.458806 0.020000 0.020000
0 0.601106 0.446024 0.020000 0.020000
0 0.648894 0.443182 0.020000 0.020000
0 0.645224 0.460230 0.020000 0.020000
0 0.645224 0.477273 0.020000 0.020000
0 0.645224 0.494315 0.020000 0.020000
0 0.685663 0.497158 0.020000 0.020000
0 0.681984 0.482958 0.020000 0.020000
0 0.685663 0.464491 0.020000 0.020000
0 0.683827 0.446024 0.020000 0.020000
0 0.720588 0.441764 0.020000 0.020000
0 0.720588 0.455964 0.020000 0.020000
0 0.724267 0.475855 0.020000 0.020000
0 0.724267 0.492897 0.020000 0.020000
0 0.759192 0.494315 0.020000 0.020000
0 0.762871 0.475855 0.020000 0.020000
0 0.759192 0.460230 0.020000 0.020000
0 0.764706 0.446024 0.020000 0.020000
0 0.806988 0.438921 0.020000 0.020000
0 0.806988 0.463067 0.020000 0.020000
0 0.808824 0.475855 0.020000 0.020000
0 0.810659 0.488636 0.020000 0.020000
0 0.235294 0.308236 0.020000 0.020000
0 0.240808 0.335224 0.020000 0.020000
0 0.244486 0.348012 0.020000 0.020000
0 0.246322 0.373582 0.020000 0.020000
0 0.279412 0.369321 0.020000 0.020000
0 0.281247 0.342327 0.020000 0.020000
0 0.284925 0.323867 0.020000 0.020000
0 0.283090 0.312497 0.020000 0.020000
0 0.332722 0.315339 0.020000 0.020000
0 0.323529 0.328127 0.020000 0.020000
0 0.329043 0.353691 0.020000 0.020000
0 0.343749 0.369321 0.020000 0.020000
0 0.371325 0.367897 0.020000 0.020000
0 0.362133 0.348012 0.020000 0.020000
0 0.363969 0.332388 0.020000 0.020000
0 0.367647 0.321024 0.020000 0.020000
0 0.397059 0.316764 0.020000 0.020000
0 0.402573 0.326703 0.020000 0.020000
0 0.406251 0.343752 0.020000 0.020000
0 0.411765 0.365055 0.020000 0.020000
0 0.443012 0.367897 0.020000 0.020000
0 0.437498 0.348012 0.020000 0.020000
0 0.439341 0.329545 0.020000 0.020000
0 0.444855 0.316764 0.020000 0.020000
0 0.479780 0.318182 0.020000 0.020000
0 0.485294 0.335224 0.020000 0.020000
0 0.479780 0.350855 0.020000 0.020000
0 0.487129 0.370739 0.020000 0.020000
0 0.522055 0.372158 0.020000 0.020000
0 0.522055 0.352273 0.020000 0.020000
0 0.529412 0.330964 0.020000 0.020000
0 0.520220 0.318182 0.020000 0.020000
0 0.568016 0.313921 0.020000 0.020000
0 0.568016 0.330964 0.020000 0.020000
0 0.566180 0.349430 0.020000 0.020000
0 0.568016 0.366479 0.020000 0.020000
0 0.599263 0.367897 0.020000 0.020000
0 0.601106 0.350855 0.020000 0.020000
0 0.602941 0.336648 0.020000 0.020000
0 0.599263 0.322442 0.020000 0.020000
0 0.636031 0.321024 0.020000 0.020000
0 0.645224 0.330964 0.020000 0.020000
0 0.643380 0.352273 0.020000 0.020000
0 0.647059 0.370739 0.020000 0.020000
0 0.681984 0.367897 0.020000 0.020000
0 0.680149 0.348012 0.020000 0.020000
0 0.681984 0.332388 0.020000 0.020000
0 0.687498 0.313921 0.020000 0.020000
0 0.729780 0.313921 0.020000 0.020000
0 0.722424 0.330964 0.020000 0.020000
0 0.722424 0.350855 0.020000 0.020000
0 0.715075 0.372158 0.020000 0.020000
0 0.768384 0.373582 0.020000 0.020000
0 0.768384 0.357952 0.020000 0.020000
0 0.772055 0.336648 0.020000 0.020000
0 0.770220 0.308236 0.020000 0.020000
0 0.805145 0.312497 0.020000 0.020000
0 0.803310 0.335224 0.020000 0.020000
0 0.808824 0.348012 0.020000 0.020000
0 0.806988 0.365055 0.020000 0.020000