0 0.154767 0.275566 0.020000 0.020000
0 0.289431 0.403407 0.020000 0.020000
0 0.520575 0.279829 0.020000 0.020000
1 0.353751 0.357954 0.273249 0.022843
1 0.617054 0.406251 0.124513 0.020000
1 0.617054 0.362217 0.132559 0.022843
1 0.709510 0.313211 0.397871 0.021419
1 0.707502 0.325994 0.409933 0.021419
1 0.707502 0.337358 0.401887 0.021419
1 0.347719 0.262783 0.317471 0.020000
1 0.831113 0.261364 0.174761 0.022839
1 0.352747 0.227272 0.263206 0.020000
1 0.522586 0.178978 0.763684 0.022839
1 0.529619 0.193891 0.745590 0.021419
1 0.527613 0.124290 0.769710 0.021424
1 0.523593 0.138493 0.777750 0.027101
1 0.349731 0.085227 0.317477 0.022843
1 0.834129 0.085227 0.176776 0.022843
1 0.619065 0.231535 0.140599 0.022839