0 0.134188 0.190341 0.020000 0.020000
0 0.351106 0.196023 0.020000 0.020000
0 0.564341 0.191764 0.020000 0.020000
1 0.455882 0.330255 0.332494 0.021418
1 0.508271 0.385652 0.488753 0.024259
1 0.470588 0.408382 0.542059 0.021418
1 0.514706 0.455255 0.475882 0.021418
1 0.498162 0.480114 0.508971 0.022845
1 0.278494 0.528409 0.257129 0.025682
1 0.516544 0.657673 0.494265 0.020000
1 0.267462 0.734377 0.238747 0.025682
1 0.510109 0.727273 0.106394 0.025682
1 0.693935 0.731536 0.128459 0.020000
1 0.505515 0.870741 0.810441 0.025682