0 0.053306 0.740055 0.020000 0.020000
0 0.113971 0.765627 0.020000 0.020000
0 0.117647 0.812500 0.020000 0.020000
0 0.658088 0.737218 0.020000 0.020000
1 0.417279 0.784800 0.317794 0.021418
1 0.335476 0.872159 0.216694 0.020000
1 0.545035 0.871448 0.154188 0.021423
1 0.496324 0.688209 0.917059 0.021418
1 0.725182 0.582386 0.466694 0.022845
1 0.501838 0.541905 0.920735 0.024264
1 0.499082 0.460227 0.944635 0.025682
1 0.506435 0.424716 0.933600 0.022841
1 0.500918 0.401277 0.929929 0.027100
1 0.500921 0.371448 0.937276 0.021423
1 0.501838 0.341620 0.928088 0.027105
2 0.800553 0.827416 0.321694 0.134941