0 0.408088 0.041191 0.020000 0.020000
0 0.628676 0.250000 0.020000 0.020000
0 0.628676 0.267045 0.020000 0.020000
0 0.784929 0.267045 0.020000 0.020000
0 0.786765 0.295455 0.020000 0.020000
0 0.788600 0.338068 0.020000 0.020000
0 0.630518 0.323864 0.020000 0.020000
0 0.634188 0.340909 0.020000 0.020000
1 0.147979 0.452416 0.146841 0.021423
1 0.277576 0.452416 0.152353 0.021423
1 0.412685 0.451705 0.157865 0.020000
2 0.284926 0.105823 0.400735 0.117900
2 0.187500 0.198152 0.216906 0.061077
2 0.387871 0.192470 0.191176 0.061077
2 0.284926 0.251420 0.393382 0.042614
2 0.284929 0.297584 0.397059 0.044032
2 0.279412 0.341618 0.404412 0.046873
2 0.284009 0.377841 0.398900 0.028409
2 0.281250 0.407670 0.400735 0.025568
2 0.591912 0.076705 0.209565 0.056818
2 0.718753 0.124291 0.455882 0.032673
2 0.569853 0.151989 0.154412 0.025568
2 0.724265 0.149148 0.169118 0.031250
2 0.568015 0.179686 0.158088 0.026991
2 0.730697 0.178977 0.159924 0.031245
2 0.563421 0.210227 0.163606 0.036927
2 0.733456 0.208805 0.158088 0.028409
2 0.562500 0.370030 0.169118 0.041195
2 0.731618 0.371450 0.158082 0.041191
2 0.565256 0.416191 0.170959 0.045455
2 0.728859 0.414061 0.159929 0.052559
2 0.566176 0.451705 0.169118 0.031245
2 0.729779 0.451705 0.165441 0.031245