0 0.618688 0.279829 0.020000 0.020000
0 0.614674 0.338068 0.020000 0.020000
0 0.733186 0.255682 0.020000 0.020000
0 0.727158 0.312501 0.020000 0.020000
0 0.735193 0.366477 0.020000 0.020000
0 0.735193 0.421877 0.020000 0.020000
0 0.616681 0.613638 0.020000 0.020000
0 0.616681 0.671877 0.020000 0.020000
0 0.733186 0.583805 0.020000 0.020000
0 0.735193 0.646306 0.020000 0.020000
0 0.737207 0.696024 0.020000 0.020000
0 0.735193 0.755682 0.020000 0.020000
0 0.735193 0.805400 0.020000 0.020000
2 0.126551 0.349431 0.156681 0.218752
2 0.262140 0.349431 0.114498 0.218752
2 0.359565 0.349431 0.080351 0.218752
2 0.437905 0.349431 0.076330 0.218752
2 0.534323 0.348010 0.116505 0.215909
2 0.130568 0.705964 0.164716 0.278410
2 0.266158 0.709517 0.106463 0.276990
2 0.362576 0.708807 0.070302 0.275571
2 0.436898 0.709517 0.078343 0.271304
2 0.536333 0.710227 0.120526 0.275571