0 0.783878 0.153407 0.020000 0.020000
0 0.785892 0.173296 0.020000 0.020000
0 0.514549 0.649149 0.020000 0.020000
0 0.116576 0.647726 0.020000 0.020000
1 0.334655 0.727982 0.303406 0.021419
1 0.593938 0.729404 0.034071 0.021424
1 0.624090 0.729404 0.034071 0.021424
1 0.667302 0.730115 0.056177 0.020000
1 0.708506 0.680398 0.403896 0.022839
1 0.709510 0.695312 0.401887 0.021424
1 0.707502 0.708807 0.409933 0.022839
1 0.710517 0.580964 0.403902 0.025682
1 0.709510 0.592330 0.401887 0.022839
1 0.301491 0.581676 0.369734 0.021419
1 0.297471 0.592330 0.365711 0.022839
1 0.300487 0.603694 0.363696 0.022839
1 0.750717 0.547584 0.323503 0.021419
1 0.508515 0.501419 0.783781 0.022839
1 0.513542 0.514203 0.801869 0.020000
1 0.509519 0.447441 0.785789 0.025682
1 0.514546 0.458095 0.799861 0.024263
1 0.514546 0.402698 0.799861 0.021419
1 0.511531 0.352984 0.805892 0.021419
1 0.507511 0.363636 0.805886 0.022843
1 0.507514 0.296875 0.793829 0.020000
1 0.509522 0.310370 0.793829 0.021424
1 0.518566 0.230115 0.743581 0.020000
1 0.529619 0.245028 0.761670 0.021419
1 0.526606 0.256392 0.763678 0.021419