0 0.088235 0.289773 0.020000 0.020000
0 0.079047 0.321023 0.020000 0.020000
0 0.079047 0.342327 0.020000 0.020000
0 0.834559 0.500000 0.020000 0.020000
0 0.911765 0.500000 0.020000 0.020000
0 0.909929 0.531250 0.020000 0.020000
0 0.832718 0.536932 0.020000 0.020000
0 0.841912 0.566764 0.020000 0.020000
0 0.913600 0.561082 0.020000 0.020000
0 0.919118 0.590909 0.020000 0.020000
0 0.840071 0.590909 0.020000 0.020000
0 0.840071 0.617900 0.020000 0.020000
0 0.908088 0.620736 0.020000 0.020000
0 0.608459 0.478691 0.020000 0.020000
0 0.406247 0.477273 0.020000 0.020000
0 0.062500 0.738636 0.020000 0.020000
1 0.354779 0.830966 0.516324 0.022841
1 0.781250 0.827414 0.332500 0.024264
1 0.783088 0.875709 0.347212 0.021418
1 0.353862 0.873580 0.499782 0.022841
1 0.375921 0.740766 0.117429 0.021423
1 0.887871 0.652700 0.122941 0.021418
1 0.693935 0.436791 0.102718 0.021418
1 0.861212 0.438920 0.198306 0.022841
1 0.517465 0.438920 0.231400 0.022841
1 0.226103 0.438920 0.339853 0.022841
1 0.352941 0.396307 0.567788 0.022841
1 0.500921 0.217330 0.926253 0.022841
1 0.820774 0.173295 0.271841 0.022845
1 0.354782 0.177559 0.645000 0.025682
1 0.503676 0.137786 0.924412 0.025682