0 0.183824 0.231536 0.020000 0.020000
0 0.077206 0.555400 0.020000 0.020000
0 0.077206 0.573864 0.020000 0.020000
0 0.172794 0.248582 0.020000 0.020000
2 0.213235 0.649859 0.323529 0.029827
2 0.428309 0.651277 0.113971 0.029827
2 0.241726 0.822443 0.387865 0.031250
2 0.614891 0.825286 0.354782 0.028409
2 0.868568 0.825284 0.152571 0.025568
2 0.664521 0.651989 0.336394 0.025568
2 0.889706 0.653409 0.113976 0.028409
2 0.241729 0.936080 0.380518 0.031250
2 0.613971 0.938920 0.367647 0.031250
2 0.871324 0.938920 0.150741 0.031250
2 0.836397 0.240055 0.216912 0.034091
2 0.837315 0.212357 0.229782 0.024150
2 0.835479 0.181818 0.222429 0.025564
2 0.832721 0.151986 0.216912 0.028409
2 0.833638 0.122868 0.218747 0.029827
2 0.836400 0.095170 0.220588 0.031250
2 0.693932 0.153409 0.056982 0.031255
2 0.133274 0.120027 0.167276 0.032673
2 0.465991 0.123577 0.498159 0.028409
2 0.354779 0.153409 0.606618 0.022727
2 0.383274 0.184659 0.667276 0.025573
2 0.382353 0.213068 0.669118 0.019882
2 0.496324 0.272016 0.900741 0.029832