0 0.863971 0.215909 0.020000 0.020000
0 0.930147 0.214491 0.020000 0.020000
0 0.931988 0.241477 0.020000 0.020000
0 0.871324 0.240055 0.020000 0.020000
1 0.361215 0.162641 0.643159 0.027100
1 0.824450 0.162643 0.264488 0.021423
1 0.500000 0.298295 0.913388 0.020000
1 0.498159 0.336648 0.924412 0.022841
1 0.492647 0.375000 0.917059 0.020000
1 0.496324 0.413352 0.909706 0.022841
1 0.357538 0.453125 0.650512 0.022841
1 0.826288 0.455966 0.260812 0.022841
1 0.324450 0.788355 0.451982 0.020000
1 0.767465 0.831675 0.382129 0.021423
1 0.321691 0.835227 0.450147 0.020000
1 0.764706 0.785509 0.376612 0.020000
2 0.205882 0.533382 0.323529 0.024145
2 0.208638 0.558241 0.325371 0.028409
2 0.210479 0.580966 0.321688 0.019886
2 0.209559 0.601561 0.323529 0.026986
2 0.419118 0.534802 0.102941 0.026986
2 0.422794 0.558239 0.099259 0.019886
2 0.421874 0.578125 0.101100 0.019886
2 0.423715 0.603691 0.101100 0.022727
2 0.532168 0.602982 0.104782 0.024145
2 0.531253 0.579545 0.110294 0.022727
2 0.528491 0.555395 0.112135 0.028409
2 0.529412 0.529832 0.113976 0.028409
2 0.768382 0.531959 0.360294 0.018464
2 0.763788 0.558950 0.369482 0.026991
2 0.765626 0.582386 0.358453 0.019882
2 0.766544 0.602984 0.356618 0.018468