0 0.123165 0.552555 0.020000 0.020000
0 0.064341 0.551136 0.020000 0.020000
0 0.091912 0.600855 0.020000 0.020000
0 0.093753 0.649145 0.020000 0.020000
0 0.119482 0.666191 0.020000 0.020000
0 0.095588 0.694600 0.020000 0.020000
0 0.095588 0.734373 0.020000 0.020000
0 0.097424 0.791191 0.020000 0.020000
0 0.071694 0.901991 0.020000 0.020000
0 0.119482 0.901991 0.020000 0.020000
0 0.069853 0.855114 0.020000 0.020000
0 0.123165 0.852273 0.020000 0.020000
0 0.772059 0.938918 0.020000 0.020000
0 0.810659 0.940341 0.020000 0.020000
0 0.058824 0.940341 0.020000 0.020000
0 0.121324 0.943182 0.020000 0.020000
0 0.068012 0.284091 0.020000 0.020000
0 0.126835 0.281250 0.020000 0.020000
0 0.071694 0.251418 0.020000 0.020000
0 0.123165 0.245736 0.020000 0.020000
0 0.062500 0.383523 0.020000 0.020000
0 0.090071 0.339491 0.020000 0.020000
0 0.123165 0.380682 0.020000 0.020000
0 0.082718 0.399145 0.020000 0.020000
0 0.086400 0.427555 0.020000 0.020000
0 0.088235 0.475855 0.020000 0.020000
0 0.163600 0.454545 0.020000 0.020000
0 0.169118 0.410509 0.020000 0.020000
0 0.106618 0.498582 0.020000 0.020000
0 0.163600 0.502841 0.020000 0.020000
0 0.459559 0.413355 0.020000 0.020000
0 0.452206 0.428977 0.020000 0.020000
0 0.455882 0.478691 0.020000 0.020000
0 0.450365 0.340909 0.020000 0.020000
0 0.091912 0.213068 0.020000 0.020000
0 0.084559 0.123582 0.020000 0.020000
0 0.123165 0.125000 0.020000 0.020000
0 0.077206 0.090909 0.020000 0.020000
0 0.125000 0.080964 0.020000 0.020000
1 0.684744 0.090200 0.481394 0.021418
1 0.567094 0.226564 0.727718 0.021418
1 0.623159 0.562500 0.645000 0.022836
1 0.623162 0.863636 0.626618 0.020000
1 0.811582 0.905541 0.293894 0.024264