0 0.727598 0.137785 0.020000 0.020000
0 0.856237 0.133523 0.020000 0.020000
0 0.735638 0.218752 0.020000 0.020000
0 0.856237 0.221590 0.020000 0.020000
0 0.731621 0.264203 0.020000 0.020000
0 0.854229 0.262783 0.020000 0.020000
0 0.735638 0.298294 0.020000 0.020000
0 0.858246 0.296875 0.020000 0.020000
0 0.739661 0.339487 0.020000 0.020000
0 0.737653 0.374998 0.020000 0.020000
0 0.860260 0.376422 0.020000 0.020000
0 0.862269 0.336648 0.020000 0.020000
0 0.858246 0.411932 0.020000 0.020000
0 0.735638 0.414771 0.020000 0.020000
1 0.314558 0.085229 0.271246 0.020000
1 0.777849 0.083095 0.196872 0.021419
1 0.329631 0.482245 0.353648 0.021419
1 0.761773 0.482954 0.249135 0.020000
1 0.258279 0.535511 0.247120 0.022839