0 0.161765 0.289773 0.020000 0.020000
0 0.286765 0.292614 0.020000 0.020000
0 0.281247 0.671873 0.020000 0.020000
0 0.165441 0.673295 0.020000 0.020000
2 0.494485 0.810370 0.716912 0.160514
2 0.567097 0.713068 0.582724 0.022727
2 0.714156 0.680398 0.288606 0.019886
2 0.780329 0.652698 0.145224 0.018468
2 0.496324 0.656961 0.121329 0.024150
2 0.363971 0.607955 0.323529 0.051136
2 0.364888 0.561080 0.332718 0.031250
2 0.757353 0.551848 0.268376 0.018468
2 0.734376 0.580255 0.218753 0.032673
2 0.363050 0.178977 0.340076 0.022727
2 0.501838 0.137782 0.643382 0.022727
2 0.760112 0.171875 0.284929 0.025568
2 0.735294 0.202416 0.231624 0.024150
2 0.363053 0.225855 0.329047 0.045455
2 0.488971 0.272016 0.113965 0.029832
2 0.766541 0.271305 0.161765 0.017045
2 0.708641 0.300425 0.288600 0.015623
2 0.568935 0.326705 0.553306 0.022727
2 0.493568 0.424716 0.715076 0.156250