0 0.340071 0.044036 0.020000 0.020000
0 0.373165 0.042614 0.020000 0.020000
0 0.395224 0.045455 0.020000 0.020000
0 0.450365 0.044036 0.020000 0.020000
0 0.474265 0.045455 0.020000 0.020000
0 0.544118 0.041191 0.020000 0.020000
0 0.575365 0.041191 0.020000 0.020000
0 0.599265 0.045455 0.020000 0.020000
0 0.628676 0.044036 0.020000 0.020000
0 0.071694 0.156250 0.020000 0.020000
0 0.141541 0.156250 0.020000 0.020000
0 0.073529 0.191764 0.020000 0.020000
0 0.073529 0.207386 0.020000 0.020000
0 0.069853 0.221591 0.020000 0.020000
0 0.073529 0.238636 0.020000 0.020000
0 0.329047 0.193182 0.020000 0.020000
0 0.329047 0.208809 0.020000 0.020000
0 0.327206 0.224432 0.020000 0.020000
0 0.332718 0.240055 0.020000 0.020000
0 0.411765 0.240055 0.020000 0.020000
0 0.406247 0.221591 0.020000 0.020000
0 0.408088 0.213068 0.020000 0.020000
0 0.402576 0.197445 0.020000 0.020000
0 0.073529 0.407673 0.020000 0.020000
0 0.145224 0.407673 0.020000 0.020000
1 0.589156 0.198864 0.143159 0.020000
1 0.589153 0.214489 0.135812 0.022841
1 0.587315 0.227982 0.132135 0.021418
1 0.590994 0.242186 0.128459 0.024264
1 0.565256 0.265625 0.775512 0.022841
1 0.502756 0.281961 0.900512 0.021423
1 0.614891 0.737925 0.404194 0.024259
2 0.500921 0.328127 0.902571 0.079545
2 0.497244 0.432527 0.895218 0.092327
2 0.500000 0.536932 0.900729 0.079545
2 0.226100 0.632811 0.345588 0.044032
2 0.584559 0.632811 0.371329 0.044032
2 0.862135 0.631393 0.183824 0.041195
2 0.788606 0.676136 0.330882 0.048291
2 0.462318 0.678266 0.321694 0.044032
2 0.178312 0.679689 0.257353 0.044032