0 0.566176 0.190341 0.020000 0.020000
0 0.566176 0.208809 0.020000 0.020000
0 0.566176 0.224432 0.020000 0.020000
0 0.564341 0.245736 0.020000 0.020000
0 0.568012 0.313918 0.020000 0.020000
0 0.566176 0.333809 0.020000 0.020000
0 0.562500 0.346591 0.020000 0.020000
0 0.568012 0.366477 0.020000 0.020000
0 0.042282 0.558236 0.020000 0.020000
0 0.042282 0.579545 0.020000 0.020000
0 0.044118 0.595173 0.020000 0.020000
0 0.042282 0.607955 0.020000 0.020000
0 0.040441 0.632100 0.020000 0.020000
0 0.042282 0.647727 0.020000 0.020000
0 0.042282 0.661932 0.020000 0.020000
0 0.042282 0.680400 0.020000 0.020000
0 0.040441 0.697445 0.020000 0.020000
0 0.042282 0.714491 0.020000 0.020000
0 0.042282 0.728691 0.020000 0.020000
0 0.044118 0.748582 0.020000 0.020000
0 0.042282 0.765627 0.020000 0.020000
1 0.409006 0.183948 0.249776 0.021423
1 0.405329 0.198864 0.238753 0.020000
1 0.400735 0.218750 0.251612 0.020000
1 0.401656 0.233664 0.242429 0.021418
1 0.411765 0.252130 0.236918 0.021423
1 0.407168 0.306109 0.238747 0.021418
1 0.398897 0.323864 0.236912 0.022836
1 0.404412 0.338777 0.229553 0.027100
1 0.408088 0.359373 0.240588 0.020000
1 0.409929 0.372159 0.225882 0.022845
1 0.406250 0.410511 0.236912 0.022841
1 0.412682 0.428977 0.238753 0.022845
1 0.409009 0.446023 0.238747 0.020000
1 0.414524 0.462357 0.249776 0.021423
1 0.399818 0.480114 0.260812 0.020000
1 0.280332 0.566759 0.216688 0.025682
1 0.279412 0.582386 0.233235 0.022845
1 0.312500 0.602273 0.214859 0.020000
1 0.344671 0.617898 0.183600 0.022841
1 0.359376 0.650568 0.194635 0.025682
1 0.331800 0.671164 0.224047 0.021418
1 0.438421 0.688211 0.168900 0.024259
1 0.355700 0.704545 0.249776 0.020000
1 0.383274 0.722300 0.216688 0.021418
1 0.396138 0.743607 0.231394 0.024259
1 0.337315 0.757814 0.264488 0.024264
1 0.357538 0.774859 0.286547 0.024264
1 0.507353 0.844461 0.895000 0.021423
1 0.497244 0.863636 0.904194 0.025682
1 0.497244 0.880682 0.889488 0.020000
1 0.499079 0.898436 0.893159 0.021418
1 0.500000 0.913352 0.906024 0.022841
1 0.500918 0.932527 0.889482 0.021418