0 0.121325 0.119321 0.020000 0.020000
0 0.123161 0.139206 0.020000 0.020000
0 0.128675 0.163352 0.020000 0.020000
0 0.125004 0.171873 0.020000 0.020000
0 0.128675 0.197442 0.020000 0.020000
0 0.319851 0.196024 0.020000 0.020000
0 0.334557 0.177558 0.020000 0.020000
0 0.325365 0.156248 0.020000 0.020000
0 0.321694 0.139206 0.020000 0.020000
0 0.332722 0.116479 0.020000 0.020000
0 0.544118 0.127842 0.020000 0.020000
0 0.533090 0.142042 0.020000 0.020000
0 0.536769 0.151988 0.020000 0.020000
0 0.540439 0.166194 0.020000 0.020000
0 0.536769 0.184661 0.020000 0.020000
0 0.748165 0.160509 0.020000 0.020000
0 0.746322 0.143467 0.020000 0.020000
0 0.746322 0.125000 0.020000 0.020000
0 0.123161 0.245739 0.020000 0.020000
0 0.132353 0.269885 0.020000 0.020000
0 0.126839 0.282673 0.020000 0.020000
0 0.123161 0.295455 0.020000 0.020000
0 0.128675 0.318182 0.020000 0.020000
0 0.363969 0.338067 0.020000 0.020000
0 0.360290 0.319600 0.020000 0.020000
0 0.351106 0.305400 0.020000 0.020000
0 0.363969 0.285509 0.020000 0.020000
0 0.360290 0.262782 0.020000 0.020000
0 0.354776 0.244315 0.020000 0.020000
0 0.647059 0.248582 0.020000 0.020000
0 0.647059 0.262782 0.020000 0.020000
0 0.637867 0.282673 0.020000 0.020000
0 0.647059 0.306818 0.020000 0.020000
1 0.409925 0.079545 0.398675 0.022836
1 0.821690 0.079545 0.218533 0.022836
1 0.859376 0.164064 0.139490 0.021424
1 0.829043 0.186082 0.189114 0.022842
1 0.833639 0.204545 0.194635 0.020000
1 0.255514 0.254264 0.126620 0.022842
1 0.256431 0.272727 0.128455 0.025685
1 0.259188 0.291194 0.133969 0.025685
1 0.252757 0.311079 0.154188 0.025685
1 0.261945 0.325994 0.128455 0.021418
1 0.248161 0.345173 0.144996 0.022842
1 0.540439 0.344461 0.137647 0.021418
1 0.825369 0.306109 0.203820 0.027103
1 0.515627 0.256394 0.172573 0.021418
1 0.517467 0.275567 0.176251 0.022842
1 0.535847 0.289061 0.143161 0.027103
1 0.546875 0.312500 0.121106 0.022842
1 0.539525 0.329545 0.132133 0.022836
1 0.844667 0.292615 0.165224 0.022842
1 0.843749 0.274858 0.200141 0.024261
1 0.854780 0.255682 0.141325 0.022842