1 0.267462 0.272018 0.238747 0.021418
1 0.269303 0.294036 0.227724 0.020000
1 0.737132 0.438918 0.413382 0.020000
1 0.738050 0.533382 0.418900 0.029945
1 0.505512 0.629264 0.909706 0.020000
1 0.317097 0.659091 0.161547 0.020000
1 0.521138 0.657670 0.161547 0.022841
1 0.638788 0.659800 0.076988 0.021418
1 0.331803 0.703834 0.161547 0.024259
1 0.327206 0.726564 0.163376 0.021418
1 0.288600 0.757102 0.167059 0.022841
1 0.784924 0.700993 0.292059 0.021423
1 0.784926 0.725141 0.295735 0.027100
1 0.707721 0.754973 0.089853 0.021418
1 0.747244 0.821732 0.374782 0.024264
2 0.296874 0.846591 0.487135 0.147727
2 0.560659 0.067473 0.161765 0.009945
2 0.558824 0.084518 0.161765 0.021309
2 0.713235 0.100143 0.165435 0.012786
2 0.716912 0.113636 0.158082 0.014200
2 0.871324 0.127841 0.154412 0.017045
2 0.560662 0.161223 0.165441 0.015627
2 0.560662 0.176845 0.150735 0.012782
2 0.713235 0.189632 0.154412 0.018464
2 0.712315 0.203836 0.156253 0.009945
2 0.869488 0.223011 0.154412 0.014205
2 0.875921 0.236507 0.141547 0.012786