0 0.077206 0.434659 0.020000 0.020000
0 0.082718 0.468750 0.020000 0.020000
0 0.080882 0.552555 0.020000 0.020000
0 0.079047 0.579545 0.020000 0.020000
0 0.128676 0.612218 0.020000 0.020000
0 0.136029 0.634945 0.020000 0.020000
0 0.082718 0.686082 0.020000 0.020000
0 0.075365 0.708809 0.020000 0.020000
0 0.104776 0.718750 0.020000 0.020000
0 0.095588 0.742900 0.020000 0.020000
0 0.123165 0.762782 0.020000 0.020000
0 0.121324 0.809659 0.020000 0.020000
0 0.126835 0.859373 0.020000 0.020000
0 0.126835 0.886364 0.020000 0.020000
0 0.648894 0.178977 0.020000 0.020000
1 0.465071 0.825993 0.122941 0.021423
1 0.289524 0.156250 0.293894 0.022845
1 0.444853 0.132811 0.097212 0.021423
1 0.352024 0.076705 0.433600 0.022845
1 0.335479 0.102982 0.448312 0.021418
1 0.306068 0.133523 0.080665 0.020000
1 0.259188 0.902700 0.122941 0.021418