0 0.480758 0.132102 0.020000 0.020000
0 0.513691 0.133522 0.020000 0.020000
0 0.537836 0.133522 0.020000 0.020000
0 0.541127 0.223012 0.020000 0.020000
0 0.512588 0.220173 0.020000 0.020000
0 0.484055 0.225851 0.020000 0.020000
1 0.564179 0.694604 0.731255 0.025678
1 0.506555 0.630682 0.848709 0.022839
1 0.510945 0.596588 0.848703 0.020000
1 0.509845 0.567471 0.848709 0.021420
1 0.509300 0.534094 0.845412 0.020000
1 0.506555 0.505682 0.853097 0.022847
1 0.509297 0.472302 0.852000 0.021420
1 0.510942 0.443184 0.850903 0.022839
1 0.508200 0.410510 0.854194 0.022839
1 0.509297 0.378553 0.854194 0.021420
1 0.512042 0.342329 0.857491 0.022839
2 0.742542 0.134231 0.380879 0.078125
2 0.742542 0.216620 0.380879 0.086651