0 0.075365 0.832386 0.020000 0.020000
0 0.143382 0.829545 0.020000 0.020000
0 0.200365 0.829545 0.020000 0.020000
0 0.066176 0.775568 0.020000 0.020000
0 0.075365 0.730114 0.020000 0.020000
0 0.073529 0.661932 0.020000 0.020000
0 0.073529 0.612218 0.020000 0.020000
0 0.075365 0.461645 0.020000 0.020000
0 0.147059 0.461645 0.020000 0.020000
0 0.205882 0.467327 0.020000 0.020000
0 0.069853 0.376418 0.020000 0.020000
0 0.136029 0.375000 0.020000 0.020000
0 0.193012 0.373582 0.020000 0.020000
0 0.068012 0.254264 0.020000 0.020000
0 0.141541 0.254264 0.020000 0.020000
0 0.204047 0.254264 0.020000 0.020000