0 0.158086 0.531248 0.020000 0.020000
0 0.156251 0.568182 0.020000 0.020000
0 0.060659 0.460230 0.020000 0.020000
0 0.549631 0.457388 0.020000 0.020000
0 0.049631 0.803976 0.020000 0.020000
0 0.053310 0.836648 0.020000 0.020000
0 0.053310 0.869321 0.020000 0.020000
0 0.055145 0.899145 0.020000 0.020000
0 0.551467 0.882103 0.020000 0.020000
0 0.553310 0.835224 0.020000 0.020000
0 0.553310 0.794036 0.020000 0.020000
0 0.707718 0.595170 0.020000 0.020000
2 0.500918 0.621448 0.924627 0.029830
2 0.836396 0.656248 0.250000 0.039770
2 0.537686 0.656248 0.343749 0.039770
2 0.197612 0.656248 0.336400 0.039770
2 0.204047 0.698155 0.334557 0.041194
2 0.545957 0.700994 0.338235 0.038352
2 0.838231 0.700285 0.250000 0.036933
2 0.501835 0.405539 0.922792 0.041188
2 0.866725 0.366479 0.200369 0.031248
2 0.668200 0.365767 0.189341 0.029824
2 0.456800 0.365767 0.233459 0.029824
2 0.183824 0.368609 0.312494 0.035509
2 0.500000 0.336648 0.919122 0.025564
2 0.500922 0.309661 0.917278 0.028412
2 0.502757 0.254261 0.928306 0.031248