0 0.494486 0.473012 0.020000 0.020000
0 0.507357 0.490055 0.020000 0.020000
0 0.507357 0.501418 0.020000 0.020000
0 0.091914 0.508521 0.020000 0.020000
0 0.095584 0.485794 0.020000 0.020000
0 0.086400 0.473012 0.020000 0.020000
1 0.417278 0.187500 0.461176 0.022842
1 0.839153 0.191761 0.246102 0.022842
1 0.865808 0.074573 0.203820 0.021424
1 0.884192 0.093039 0.203820 0.021424
1 0.815259 0.211648 0.290220 0.022836
1 0.398894 0.208806 0.501616 0.025685
1 0.183824 0.252130 0.218533 0.021424
1 0.663600 0.516336 0.185443 0.024261
1 0.762867 0.693182 0.350878 0.025685
1 0.760114 0.729403 0.338016 0.021424
1 0.764706 0.764915 0.347200 0.027103
1 0.370404 0.762782 0.315961 0.028521
1 0.363051 0.727273 0.334337 0.025685
1 0.372239 0.693894 0.319631 0.024261
1 0.516545 0.836648 0.865592 0.028521
1 0.727945 0.811082 0.343529 0.031364
1 0.300549 0.857242 0.429929 0.027103
1 0.679227 0.862215 0.249780 0.025679
1 0.528494 0.894888 0.429929 0.022842
1 0.590996 0.911221 0.304925 0.021424
1 0.622239 0.949573 0.260808 0.024261
1 0.275733 0.943891 0.391325 0.027103