0 0.066176 0.781250 0.020000 0.020000
0 0.062500 0.795455 0.020000 0.020000
0 0.064341 0.812500 0.020000 0.020000
0 0.068012 0.867900 0.020000 0.020000
0 0.419118 0.866477 0.020000 0.020000
0 0.356618 0.813918 0.020000 0.020000
0 0.354776 0.776991 0.020000 0.020000
0 0.205882 0.428977 0.020000 0.020000
0 0.207718 0.455964 0.020000 0.020000
0 0.069853 0.451705 0.020000 0.020000
0 0.060659 0.427555 0.020000 0.020000
0 0.665441 0.906250 0.020000 0.020000
0 0.665441 0.923295 0.020000 0.020000
0 0.669118 0.938918 0.020000 0.020000
0 0.832718 0.903409 0.020000 0.020000
0 0.829047 0.920455 0.020000 0.020000
2 0.253676 0.917614 0.393376 0.071027
2 0.547794 0.916905 0.194859 0.072445
2 0.602024 0.852273 0.222424 0.045455
2 0.824450 0.853691 0.240806 0.045455
2 0.830882 0.793323 0.246329 0.075282
2 0.835479 0.735795 0.248159 0.048300
2 0.833638 0.696023 0.251841 0.031245
2 0.602024 0.737925 0.222424 0.038350
2 0.268382 0.737216 0.426471 0.031250
2 0.380518 0.698155 0.661765 0.044036
2 0.500000 0.483664 0.915435 0.032673
2 0.651656 0.447443 0.604782 0.042614
2 0.833638 0.406250 0.251841 0.034091
2 0.523894 0.405541 0.352941 0.041191
2 0.306065 0.352982 0.523894 0.069600
2 0.310665 0.274859 0.522059 0.072445
2 0.198529 0.217332 0.316176 0.039773
2 0.459559 0.214491 0.205882 0.045455
2 0.665441 0.217330 0.187494 0.042614
2 0.855697 0.215909 0.193018 0.045455
2 0.761029 0.259943 0.378671 0.036932
2 0.759188 0.296164 0.382353 0.035509
2 0.761029 0.335227 0.378671 0.039773
2 0.755512 0.372870 0.389706 0.035514