0 0.084559 0.897727 0.020000 0.020000
0 0.090071 0.869318 0.020000 0.020000
0 0.102941 0.852273 0.020000 0.020000
0 0.108459 0.826705 0.020000 0.020000
0 0.101106 0.806818 0.020000 0.020000
0 0.110294 0.779827 0.020000 0.020000
0 0.106618 0.762782 0.020000 0.020000
0 0.080882 0.742900 0.020000 0.020000
0 0.088235 0.714491 0.020000 0.020000
0 0.398894 0.720173 0.020000 0.020000
0 0.579047 0.751418 0.020000 0.020000
0 0.597424 0.768464 0.020000 0.020000
0 0.590071 0.784091 0.020000 0.020000
0 0.582718 0.803977 0.020000 0.020000
0 0.579047 0.828127 0.020000 0.020000
0 0.762871 0.791191 0.020000 0.020000
0 0.766541 0.765627 0.020000 0.020000
0 0.084559 0.482955 0.020000 0.020000
0 0.080882 0.501418 0.020000 0.020000
1 0.678309 0.904830 0.523676 0.022841
1 0.847426 0.510652 0.200147 0.024259
2 0.206803 0.936080 0.303312 0.048295
2 0.431068 0.934659 0.145218 0.051136
2 0.655332 0.936080 0.303312 0.053977
2 0.872241 0.937500 0.126835 0.051136
2 0.327206 0.610084 0.533094 0.046877
2 0.765626 0.609375 0.343747 0.048295
2 0.496324 0.419036 0.886035 0.090909
2 0.681982 0.331675 0.507353 0.080968
2 0.238971 0.328123 0.378671 0.073864
2 0.244482 0.271307 0.367647 0.042614
2 0.238971 0.231536 0.375000 0.045455
2 0.243565 0.196023 0.369482 0.034091
2 0.505512 0.198864 0.183824 0.034091
2 0.693018 0.192470 0.198529 0.038350
2 0.866729 0.195314 0.148894 0.041191
2 0.689341 0.254970 0.500000 0.075286