0 0.898445 0.348012 0.020000 0.020000
0 0.779861 0.370740 0.020000 0.020000
0 0.779861 0.370740 0.020000 0.020000
0 0.779861 0.370740 0.020000 0.020000
0 0.781869 0.352274 0.020000 0.020000
0 0.783878 0.389205 0.020000 0.020000
0 0.777852 0.414771 0.020000 0.020000
0 0.783878 0.433241 0.020000 0.020000
0 0.900454 0.373578 0.020000 0.020000
0 0.896437 0.396306 0.020000 0.020000
0 0.896437 0.416195 0.020000 0.020000
0 0.896437 0.438918 0.020000 0.020000
1 0.811016 0.889914 0.054168 0.021419
1 0.868297 0.891334 0.060200 0.021419
1 0.513542 0.582386 0.894332 0.022839
1 0.509522 0.605113 0.894325 0.020000
1 0.514546 0.631392 0.896340 0.021424
1 0.512535 0.656960 0.892317 0.021419
1 0.507514 0.676847 0.890309 0.024263
1 0.510526 0.698865 0.888300 0.025682
1 0.507511 0.724431 0.886286 0.022843
1 0.512535 0.747871 0.892317 0.021419
1 0.513542 0.772018 0.894332 0.021419
1 0.511534 0.795453 0.902365 0.025682
1 0.508518 0.819602 0.892317 0.020000
1 0.515554 0.842328 0.894325 0.025682
2 0.426110 0.144177 0.377871 0.024147
2 0.849204 0.145596 0.203007 0.026986
2 0.270339 0.878551 0.399976 0.035511
2 0.625094 0.879260 0.293454 0.036930