0 0.204891 0.321022 0.020000 0.020000
0 0.351530 0.321022 0.020000 0.020000
0 0.492140 0.318183 0.020000 0.020000
0 0.648821 0.322441 0.020000 0.020000
1 0.640786 0.628551 0.297207 0.024258
2 0.834628 0.155541 0.247080 0.092330
2 0.327424 0.819602 0.212926 0.025566
2 0.803495 0.818183 0.313362 0.025566
2 0.270172 0.847300 0.190828 0.026990
2 0.509214 0.847300 0.150653 0.026990
2 0.813537 0.843752 0.301306 0.028410
2 0.560438 0.492189 0.104456 0.024147
2 0.841657 0.492189 0.245067 0.024147
2 0.846681 0.462358 0.243059 0.029829
2 0.386681 0.464489 0.447944 0.025566
2 0.676944 0.512783 0.562449 0.019889
2 0.388691 0.421875 0.451965 0.031248
2 0.845677 0.419746 0.233011 0.029829
2 0.682969 0.389914 0.574498 0.026986
2 0.677947 0.362217 0.564456 0.028410
2 0.805502 0.323863 0.285236 0.028410