0 0.779861 0.159089 0.020000 0.020000
0 0.856237 0.154831 0.020000 0.020000
0 0.775838 0.196024 0.020000 0.020000
0 0.858246 0.197443 0.020000 0.020000
0 0.783878 0.247161 0.020000 0.020000
0 0.856237 0.250000 0.020000 0.020000
0 0.783878 0.274147 0.020000 0.020000
0 0.854229 0.271308 0.020000 0.020000
0 0.781869 0.308239 0.020000 0.020000
0 0.854229 0.306819 0.020000 0.020000
0 0.779861 0.332386 0.020000 0.020000
0 0.856237 0.329547 0.020000 0.020000
0 0.775838 0.393467 0.020000 0.020000
0 0.852220 0.393467 0.020000 0.020000
0 0.779861 0.420453 0.020000 0.020000
0 0.858246 0.419034 0.020000 0.020000
0 0.779861 0.447443 0.020000 0.020000
0 0.856237 0.444600 0.020000 0.020000
0 0.783878 0.471590 0.020000 0.020000
0 0.856237 0.468752 0.020000 0.020000
0 0.856237 0.468752 0.020000 0.020000
0 0.783878 0.497161 0.020000 0.020000
0 0.856237 0.497161 0.020000 0.020000
0 0.783878 0.531248 0.020000 0.020000
0 0.848197 0.531248 0.020000 0.020000
0 0.775838 0.627841 0.020000 0.020000
0 0.852220 0.622159 0.020000 0.020000
0 0.781869 0.660513 0.020000 0.020000
0 0.858246 0.660513 0.020000 0.020000
0 0.856237 0.696024 0.020000 0.020000
0 0.773829 0.698863 0.020000 0.020000
0 0.787901 0.799718 0.020000 0.020000
0 0.864277 0.798294 0.020000 0.020000
0 0.785892 0.823865 0.020000 0.020000
0 0.860260 0.822441 0.020000 0.020000
0 0.787901 0.846593 0.020000 0.020000
0 0.866286 0.845169 0.020000 0.020000
0 0.866286 0.869320 0.020000 0.020000
0 0.787901 0.869320 0.020000 0.020000