0 0.257656 0.095173 0.020000 0.020000
0 0.312868 0.093750 0.020000 0.020000
0 0.366243 0.089491 0.020000 0.020000
0 0.395689 0.095173 0.020000 0.020000
0 0.452739 0.090909 0.020000 0.020000
0 0.496908 0.095173 0.020000 0.020000
0 0.546596 0.098009 0.020000 0.020000
0 0.574205 0.089491 0.020000 0.020000
0 0.616537 0.095173 0.020000 0.020000
0 0.756408 0.349432 0.020000 0.020000
0 0.820819 0.348009 0.020000 0.020000
0 0.752721 0.384945 0.020000 0.020000
0 0.749046 0.409091 0.020000 0.020000
0 0.263180 0.507100 0.020000 0.020000
0 0.270542 0.524145 0.020000 0.020000
0 0.511631 0.507100 0.020000 0.020000
0 0.513475 0.524145 0.020000 0.020000
0 0.657020 0.926136 0.020000 0.020000
0 0.813457 0.930400 0.020000 0.020000
0 0.717756 0.508523 0.020000 0.020000
0 0.706714 0.201705 0.020000 0.020000
0 0.708551 0.171873 0.020000 0.020000
0 0.703033 0.149145 0.020000 0.020000
0 0.706714 0.130682 0.020000 0.020000
2 0.841060 0.904118 0.206125 0.021309
2 0.838301 0.872159 0.196920 0.019882
2 0.841982 0.828836 0.193245 0.024145
2 0.840141 0.794743 0.189564 0.018468
2 0.847506 0.752132 0.196920 0.015627
2 0.841066 0.721591 0.198763 0.022727
2 0.842903 0.684659 0.198763 0.017045
2 0.841985 0.631391 0.200601 0.021309
2 0.840141 0.602273 0.189564 0.019891
2 0.841982 0.568182 0.204282 0.025564
2 0.607332 0.546873 0.198763 0.022727
2 0.605492 0.480825 0.202444 0.024150
2 0.837385 0.457386 0.206125 0.028409
2 0.235571 0.268466 0.206125 0.025568
2 0.426051 0.265627 0.156437 0.022727
2 0.574205 0.267757 0.121461 0.018468
2 0.576964 0.230823 0.130665 0.018464
2 0.479423 0.230825 0.060730 0.024150
2 0.281578 0.230823 0.309187 0.018464
2 0.380041 0.186082 0.509788 0.022727
2 0.414093 0.154827 0.449058 0.022727
2 0.429732 0.122868 0.410406 0.018464