0 0.518079 0.887780 0.020000 0.020000
0 0.515885 0.822447 0.020000 0.020000
0 0.522467 0.742894 0.020000 0.020000
0 0.520273 0.673294 0.020000 0.020000
0 0.516982 0.600855 0.020000 0.020000
0 0.516982 0.515624 0.020000 0.020000
0 0.518079 0.436078 0.020000 0.020000
0 0.518079 0.346588 0.020000 0.020000
0 0.520273 0.238635 0.020000 0.020000
0 0.489539 0.241475 0.020000 0.020000
0 0.461000 0.242894 0.020000 0.020000
0 0.463200 0.343749 0.020000 0.020000
0 0.487345 0.342329 0.020000 0.020000
0 0.489539 0.437498 0.020000 0.020000
0 0.461000 0.437498 0.020000 0.020000
0 0.466491 0.515624 0.020000 0.020000
0 0.485152 0.515624 0.020000 0.020000
0 0.488442 0.607953 0.020000 0.020000
0 0.464297 0.605114 0.020000 0.020000
0 0.465394 0.677553 0.020000 0.020000
0 0.490636 0.670455 0.020000 0.020000
0 0.488442 0.741475 0.020000 0.020000
0 0.464297 0.745741 0.020000 0.020000
0 0.464297 0.823867 0.020000 0.020000
0 0.490636 0.823867 0.020000 0.020000
0 0.492830 0.886361 0.020000 0.020000
0 0.461000 0.884941 0.020000 0.020000
2 0.721688 0.240769 0.374285 0.092329
2 0.720588 0.344463 0.374291 0.115059
2 0.718394 0.437502 0.376485 0.071020
2 0.720591 0.517047 0.372091 0.088071
2 0.721139 0.602275 0.379782 0.082384
2 0.718945 0.675427 0.384170 0.061082
2 0.717845 0.744318 0.379776 0.076698
2 0.717845 0.823153 0.377582 0.080973
2 0.718394 0.894176 0.380873 0.061075