0 0.595588 0.196023 0.020000 0.020000
0 0.647059 0.197445 0.020000 0.020000
0 0.722424 0.178977 0.020000 0.020000
0 0.795953 0.184659 0.020000 0.020000
0 0.819853 0.383523 0.020000 0.020000
0 0.704047 0.382100 0.020000 0.020000
0 0.590071 0.389205 0.020000 0.020000
0 0.520224 0.382100 0.020000 0.020000
0 0.505518 0.428977 0.020000 0.020000
0 0.582718 0.433236 0.020000 0.020000
0 0.584559 0.475855 0.020000 0.020000
0 0.507353 0.480114 0.020000 0.020000
0 0.259188 0.352273 0.020000 0.020000
0 0.345588 0.349432 0.020000 0.020000
0 0.062500 0.519886 0.020000 0.020000
0 0.141541 0.522727 0.020000 0.020000
0 0.060659 0.585227 0.020000 0.020000
0 0.196694 0.582386 0.020000 0.020000
0 0.334559 0.580964 0.020000 0.020000
0 0.498165 0.585227 0.020000 0.020000
1 0.551471 0.710227 0.145000 0.022836
1 0.726106 0.708098 0.137647 0.021423
1 0.891547 0.707386 0.145000 0.020000
1 0.886950 0.742189 0.135806 0.021423
1 0.889706 0.770595 0.148682 0.024264
1 0.885112 0.822443 0.146835 0.022841
1 0.885112 0.855114 0.143165 0.020000
1 0.886947 0.885655 0.128459 0.021418
1 0.723347 0.743609 0.143165 0.021418
1 0.723344 0.769886 0.139488 0.022845
1 0.558824 0.743607 0.148682 0.024259
1 0.555147 0.775568 0.152353 0.022845
2 0.180147 0.619318 0.279412 0.039773
2 0.533088 0.620739 0.426471 0.036932
2 0.849265 0.622868 0.205882 0.038355
2 0.776653 0.580968 0.358459 0.039773
2 0.500000 0.126420 0.919118 0.042614
2 0.602941 0.066050 0.352941 0.041191
2 0.868565 0.064630 0.178306 0.044032
2 0.154412 0.182527 0.213235 0.069600
2 0.332721 0.183236 0.143382 0.068182
2 0.489888 0.183948 0.167282 0.069605
2 0.261950 0.261364 0.454041 0.039773
2 0.726103 0.264205 0.474265 0.036936
2 0.855697 0.299714 0.218747 0.028409
2 0.619485 0.301136 0.246324 0.036927
2 0.725185 0.343750 0.483453 0.042609
2 0.264706 0.385655 0.459553 0.035509
2 0.265624 0.299716 0.457718 0.036932
2 0.265626 0.449575 0.450371 0.086650
2 0.726103 0.518464 0.466912 0.045455