0 0.299635 0.053977 0.020000 0.020000
0 0.327206 0.059659 0.020000 0.020000
0 0.358459 0.058236 0.020000 0.020000
0 0.419118 0.062500 0.020000 0.020000
0 0.443012 0.059659 0.020000 0.020000
0 0.512871 0.059659 0.020000 0.020000
0 0.533088 0.058236 0.020000 0.020000
0 0.560659 0.058236 0.020000 0.020000
0 0.590071 0.055400 0.020000 0.020000
0 0.082718 0.115055 0.020000 0.020000
0 0.137871 0.115055 0.020000 0.020000
0 0.097424 0.160509 0.020000 0.020000
0 0.093753 0.203127 0.020000 0.020000
0 0.095588 0.235795 0.020000 0.020000
0 0.082718 0.268464 0.020000 0.020000
0 0.137871 0.272727 0.020000 0.020000
0 0.082718 0.389205 0.020000 0.020000
0 0.137871 0.389205 0.020000 0.020000
1 0.292282 0.168325 0.122941 0.021423
1 0.210476 0.185370 0.084341 0.021423
1 0.369485 0.183948 0.089853 0.021423
1 0.578126 0.186080 0.076982 0.022841
1 0.721506 0.182527 0.076988 0.021418
1 0.408088 0.209518 0.141329 0.021418
1 0.732535 0.210227 0.422576 0.020000
1 0.289524 0.241477 0.157871 0.025682
1 0.500000 0.242189 0.119271 0.021423
1 0.775735 0.246448 0.328824 0.021423
1 0.637868 0.746448 0.376618 0.021423
2 0.495406 0.300427 0.906247 0.103691
2 0.500921 0.426136 0.906253 0.107955
2 0.496324 0.538352 0.897059 0.082386
2 0.218750 0.632811 0.356618 0.035514
2 0.580882 0.631393 0.367647 0.038350
2 0.861212 0.634234 0.193012 0.044032
2 0.803309 0.676136 0.305147 0.039773
2 0.494488 0.676845 0.316176 0.046873
2 0.187500 0.676136 0.297800 0.045455