0 0.363971 0.049718 0.020000 0.020000
0 0.461400 0.044036 0.020000 0.020000
0 0.536765 0.046873 0.020000 0.020000
0 0.569853 0.046873 0.020000 0.020000
0 0.599265 0.045455 0.020000 0.020000
0 0.630518 0.048295 0.020000 0.020000
0 0.115812 0.907673 0.020000 0.020000
0 0.270224 0.903409 0.020000 0.020000
0 0.409929 0.903409 0.020000 0.020000
0 0.130518 0.603691 0.020000 0.020000
0 0.066176 0.603691 0.020000 0.020000
0 0.062500 0.409091 0.020000 0.020000
0 0.264706 0.427555 0.020000 0.020000
0 0.351106 0.427555 0.020000 0.020000
0 0.446694 0.427555 0.020000 0.020000
0 0.444853 0.444600 0.020000 0.020000
0 0.446694 0.473009 0.020000 0.020000
0 0.349265 0.474432 0.020000 0.020000
0 0.347424 0.446023 0.020000 0.020000
0 0.268382 0.473009 0.020000 0.020000
0 0.268382 0.453127 0.020000 0.020000
0 0.268382 0.330964 0.020000 0.020000
0 0.268382 0.360795 0.020000 0.020000
0 0.266541 0.373582 0.020000 0.020000
0 0.347424 0.380682 0.020000 0.020000
0 0.351106 0.359373 0.020000 0.020000
0 0.345588 0.336645 0.020000 0.020000
0 0.446694 0.329545 0.020000 0.020000
0 0.448529 0.350855 0.020000 0.020000
0 0.444853 0.379264 0.020000 0.020000
0 0.270224 0.115055 0.020000 0.020000
0 0.268382 0.126418 0.020000 0.020000
0 0.266541 0.147727 0.020000 0.020000
0 0.268382 0.167614 0.020000 0.020000
0 0.272059 0.186082 0.020000 0.020000
0 0.277576 0.204545 0.020000 0.020000
0 0.273894 0.220173 0.020000 0.020000
0 0.275735 0.242900 0.020000 0.020000
0 0.273894 0.257100 0.020000 0.020000
0 0.273894 0.267045 0.020000 0.020000
0 0.351106 0.274145 0.020000 0.020000
0 0.351106 0.259945 0.020000 0.020000
0 0.352941 0.242900 0.020000 0.020000
0 0.349265 0.227273 0.020000 0.020000
0 0.349265 0.210227 0.020000 0.020000
0 0.354776 0.194600 0.020000 0.020000
0 0.349265 0.178977 0.020000 0.020000
0 0.349265 0.153409 0.020000 0.020000
0 0.341912 0.132100 0.020000 0.020000
0 0.351106 0.112218 0.020000 0.020000
0 0.446694 0.116477 0.020000 0.020000
0 0.446694 0.134945 0.020000 0.020000
0 0.448529 0.149145 0.020000 0.020000
0 0.446694 0.167614 0.020000 0.020000
0 0.448529 0.178977 0.020000 0.020000
0 0.446694 0.188918 0.020000 0.020000
0 0.446694 0.210227 0.020000 0.020000
0 0.450365 0.224432 0.020000 0.020000
0 0.444853 0.245736 0.020000 0.020000
0 0.446694 0.268464 0.020000 0.020000
0 0.264706 0.555400 0.020000 0.020000
0 0.349265 0.553977 0.020000 0.020000
0 0.444853 0.553977 0.020000 0.020000
0 0.068012 0.507100 0.020000 0.020000
1 0.500000 0.644175 0.906024 0.021423
1 0.497244 0.660514 0.904194 0.025682
1 0.831803 0.681109 0.099041 0.021418
2 0.503676 0.723011 0.904412 0.071023