0 0.591912 0.336645 0.020000 0.020000
0 0.696694 0.339491 0.020000 0.020000
0 0.231618 0.886364 0.020000 0.020000
0 0.389706 0.889205 0.020000 0.020000
0 0.534929 0.884945 0.020000 0.020000
1 0.324447 0.348014 0.536541 0.025682
1 0.491726 0.377841 0.896841 0.022845
1 0.367647 0.440341 0.633976 0.022845
1 0.503676 0.469459 0.887647 0.027100
1 0.491729 0.484375 0.900518 0.022841
1 0.375921 0.528409 0.628453 0.022836
1 0.488050 0.556818 0.900512 0.020000
1 0.808824 0.527700 0.270000 0.021418
1 0.806982 0.619318 0.277353 0.022836
1 0.810662 0.441050 0.258971 0.027100
1 0.368565 0.625000 0.621106 0.025682
1 0.498159 0.710227 0.895000 0.025682
1 0.509191 0.745027 0.898676 0.029945
1 0.504594 0.803266 0.896835 0.021423
1 0.500918 0.833098 0.900518 0.021423
2 0.812500 0.914773 0.264706 0.051136