0 0.246324 0.035509 0.020000 0.020000
0 0.246324 0.063918 0.020000 0.020000
0 0.777576 0.156250 0.020000 0.020000
0 0.479776 0.200282 0.020000 0.020000
2 0.526653 0.237216 0.108459 0.025568
2 0.257353 0.280539 0.393388 0.126423
2 0.670038 0.100141 0.358453 0.029827
2 0.669118 0.130682 0.345588 0.025564
2 0.909006 0.098011 0.123165 0.025568
2 0.908088 0.126423 0.132353 0.017045
2 0.906250 0.067470 0.121324 0.029832
2 0.904412 0.038350 0.125000 0.028409
2 0.782168 0.036223 0.119488 0.026991
2 0.777571 0.066761 0.125000 0.031250