0 0.055147 0.123582 0.020000 0.020000
0 0.176471 0.116477 0.020000 0.020000
0 0.066176 0.234373 0.020000 0.020000
0 0.181988 0.237218 0.020000 0.020000
0 0.062500 0.467327 0.020000 0.020000
0 0.187500 0.461645 0.020000 0.020000
0 0.071694 0.588068 0.020000 0.020000
0 0.180147 0.595173 0.020000 0.020000
0 0.066176 0.713068 0.020000 0.020000
0 0.180147 0.705964 0.020000 0.020000
0 0.181988 0.775568 0.020000 0.020000
0 0.058824 0.775568 0.020000 0.020000
0 0.064341 0.821023 0.020000 0.020000
0 0.183824 0.819600 0.020000 0.020000
0 0.183824 0.884945 0.020000 0.020000
0 0.066176 0.883523 0.020000 0.020000
0 0.062500 0.920455 0.020000 0.020000
0 0.180147 0.926136 0.020000 0.020000
2 0.623165 0.666193 0.661765 0.122159
2 0.617647 0.542614 0.650729 0.116482
2 0.618565 0.419745 0.648894 0.123582
2 0.485294 0.221591 0.235294 0.088073
2 0.668200 0.225143 0.130518 0.080968
2 0.842829 0.225850 0.215071 0.085227
2 0.479776 0.107955 0.235294 0.082382
2 0.664521 0.108666 0.130512 0.083805
2 0.849265 0.110795 0.220588 0.082391