0 0.560659 0.366477 0.020000 0.020000
0 0.591912 0.365055 0.020000 0.020000
0 0.619482 0.366477 0.020000 0.020000
0 0.647059 0.362218 0.020000 0.020000
0 0.680147 0.365055 0.020000 0.020000
0 0.705882 0.369318 0.020000 0.020000
0 0.740812 0.369318 0.020000 0.020000
0 0.656247 0.426136 0.020000 0.020000
0 0.702206 0.424718 0.020000 0.020000
0 0.659929 0.501418 0.020000 0.020000
0 0.696694 0.500000 0.020000 0.020000
0 0.652576 0.670455 0.020000 0.020000
0 0.700365 0.667614 0.020000 0.020000
0 0.654412 0.829545 0.020000 0.020000
0 0.704047 0.832386 0.020000 0.020000
1 0.770218 0.161932 0.159706 0.022845
1 0.479782 0.176136 0.233235 0.022836
1 0.669118 0.268464 0.126612 0.020000
1 0.678306 0.789064 0.108235 0.021418
1 0.683824 0.811791 0.108235 0.021418
2 0.370403 0.306109 0.351100 0.021309
2 0.650735 0.305398 0.205882 0.019886
2 0.806985 0.304686 0.091912 0.026991
2 0.368565 0.348009 0.340071 0.022727
2 0.647059 0.346591 0.202212 0.017045
2 0.649818 0.899145 0.215071 0.022727
2 0.645221 0.772016 0.209559 0.018468
2 0.644300 0.752130 0.200365 0.021305
2 0.646138 0.725855 0.211394 0.022727
2 0.647979 0.627132 0.211394 0.038355
2 0.651653 0.598011 0.215071 0.014205
2 0.647976 0.575995 0.204047 0.018464
2 0.648900 0.552559 0.213235 0.028409
2 0.650735 0.524150 0.216906 0.017045
2 0.642462 0.476561 0.218747 0.038350
2 0.648897 0.407670 0.224265 0.014205
2 0.701288 0.243609 0.318012 0.021309