0 0.733459 0.809661 0.020000 0.020000
0 0.744486 0.744315 0.020000 0.020000
0 0.733459 0.708806 0.020000 0.020000
0 0.731616 0.677558 0.020000 0.020000
0 0.738973 0.639206 0.020000 0.020000
0 0.735294 0.613636 0.020000 0.020000
0 0.742643 0.542612 0.020000 0.020000
0 0.738973 0.509945 0.020000 0.020000
0 0.742643 0.471588 0.020000 0.020000
0 0.238973 0.178976 0.020000 0.020000
0 0.238973 0.204545 0.020000 0.020000
0 0.286761 0.181818 0.020000 0.020000
0 0.286761 0.198861 0.020000 0.020000
0 0.330886 0.183236 0.020000 0.020000
0 0.334557 0.201703 0.020000 0.020000
0 0.369482 0.180400 0.020000 0.020000
0 0.369482 0.198861 0.020000 0.020000
0 0.406251 0.183236 0.020000 0.020000
0 0.409929 0.204545 0.020000 0.020000
0 0.450369 0.180400 0.020000 0.020000
0 0.452204 0.200285 0.020000 0.020000
0 0.487129 0.184661 0.020000 0.020000
0 0.490808 0.201703 0.020000 0.020000
0 0.527576 0.181818 0.020000 0.020000
0 0.527576 0.200285 0.020000 0.020000
0 0.588235 0.187503 0.020000 0.020000
0 0.564337 0.205964 0.020000 0.020000
0 0.566180 0.184661 0.020000 0.020000
0 0.604776 0.198861 0.020000 0.020000
0 0.647059 0.181818 0.020000 0.020000
0 0.647059 0.203127 0.020000 0.020000
0 0.680149 0.178976 0.020000 0.020000
0 0.685663 0.201703 0.020000 0.020000
0 0.722424 0.184661 0.020000 0.020000
0 0.724267 0.204545 0.020000 0.020000
0 0.770220 0.181818 0.020000 0.020000
0 0.770220 0.204545 0.020000 0.020000
0 0.808824 0.186079 0.020000 0.020000
0 0.806988 0.210230 0.020000 0.020000
0 0.818016 0.265624 0.020000 0.020000
0 0.816173 0.284091 0.020000 0.020000
0 0.814337 0.302558 0.020000 0.020000
0 0.812502 0.323867 0.020000 0.020000
0 0.770220 0.319600 0.020000 0.020000
0 0.726102 0.321024 0.020000 0.020000
0 0.685663 0.319600 0.020000 0.020000
0 0.645224 0.316764 0.020000 0.020000
0 0.608455 0.318182 0.020000 0.020000
0 0.571694 0.321024 0.020000 0.020000
0 0.523898 0.319600 0.020000 0.020000
0 0.492643 0.318182 0.020000 0.020000
0 0.454047 0.318182 0.020000 0.020000
0 0.409929 0.316764 0.020000 0.020000
0 0.365812 0.316764 0.020000 0.020000
0 0.327208 0.319600 0.020000 0.020000
0 0.292282 0.318182 0.020000 0.020000
0 0.244486 0.319600 0.020000 0.020000
0 0.242651 0.301133 0.020000 0.020000
0 0.248165 0.281248 0.020000 0.020000
0 0.244486 0.259945 0.020000 0.020000
0 0.299631 0.267042 0.020000 0.020000
0 0.294118 0.279830 0.020000 0.020000
0 0.294118 0.301133 0.020000 0.020000
0 0.330886 0.305400 0.020000 0.020000
0 0.329043 0.288352 0.020000 0.020000
0 0.332722 0.269885 0.020000 0.020000
0 0.371325 0.268467 0.020000 0.020000
0 0.408086 0.267042 0.020000 0.020000
0 0.454047 0.267042 0.020000 0.020000
0 0.476102 0.262782 0.020000 0.020000
0 0.527576 0.264206 0.020000 0.020000
0 0.569851 0.267042 0.020000 0.020000
0 0.610290 0.265624 0.020000 0.020000
0 0.645224 0.265624 0.020000 0.020000
0 0.691176 0.267042 0.020000 0.020000
0 0.729780 0.265624 0.020000 0.020000
0 0.772055 0.264206 0.020000 0.020000
0 0.772055 0.279830 0.020000 0.020000
0 0.722424 0.302558 0.020000 0.020000
0 0.762871 0.298297 0.020000 0.020000
0 0.722424 0.285509 0.020000 0.020000
0 0.681984 0.286933 0.020000 0.020000
0 0.643380 0.302558 0.020000 0.020000
0 0.680149 0.298297 0.020000 0.020000
0 0.641545 0.286933 0.020000 0.020000
0 0.608455 0.284091 0.020000 0.020000
0 0.558824 0.302558 0.020000 0.020000
0 0.597427 0.305400 0.020000 0.020000
0 0.562502 0.285509 0.020000 0.020000
0 0.525733 0.286933 0.020000 0.020000
0 0.488973 0.303976 0.020000 0.020000
0 0.527576 0.302558 0.020000 0.020000
0 0.498165 0.285509 0.020000 0.020000
0 0.448533 0.285509 0.020000 0.020000
0 0.408086 0.298297 0.020000 0.020000
0 0.446690 0.298297 0.020000 0.020000
0 0.417278 0.284091 0.020000 0.020000
0 0.380518 0.286933 0.020000 0.020000
0 0.367647 0.301133 0.020000 0.020000
0 0.244486 0.389206 0.020000 0.020000
0 0.246322 0.401988 0.020000 0.020000
0 0.248165 0.426133 0.020000 0.020000
0 0.251835 0.438921 0.020000 0.020000
0 0.305145 0.436079 0.020000 0.020000
0 0.288604 0.420455 0.020000 0.020000
0 0.288604 0.406248 0.020000 0.020000
0 0.281247 0.392048 0.020000 0.020000
0 0.319851 0.387782 0.020000 0.020000
0 0.325365 0.407673 0.020000 0.020000
0 0.330886 0.414776 0.020000 0.020000
0 0.330886 0.443182 0.020000 0.020000
0 0.382353 0.443182 0.020000 0.020000
0 0.369482 0.428976 0.020000 0.020000
0 0.362133 0.409091 0.020000 0.020000
0 0.367647 0.390624 0.020000 0.020000
0 0.413600 0.389206 0.020000 0.020000
0 0.413600 0.406248 0.020000 0.020000
0 0.419122 0.417612 0.020000 0.020000
0 0.426471 0.440339 0.020000 0.020000
0 0.455882 0.434661 0.020000 0.020000
0 0.448533 0.421873 0.020000 0.020000
0 0.459561 0.404830 0.020000 0.020000
0 0.452204 0.397727 0.020000 0.020000
0 0.487129 0.399145 0.020000 0.020000
0 0.492643 0.411933 0.020000 0.020000
0 0.490808 0.423297 0.020000 0.020000
0 0.485294 0.441764 0.020000 0.020000
0 0.522055 0.440339 0.020000 0.020000
0 0.523898 0.426133 0.020000 0.020000
0 0.523898 0.411933 0.020000 0.020000
0 0.534925 0.393467 0.020000 0.020000
0 0.575365 0.393467 0.020000 0.020000
0 0.568016 0.407673 0.020000 0.020000
0 0.569851 0.428976 0.020000 0.020000
0 0.571694 0.444600 0.020000 0.020000
0 0.601106 0.438921 0.020000 0.020000
0 0.599263 0.428976 0.020000 0.020000
0 0.593749 0.403406 0.020000 0.020000
0 0.601106 0.389206 0.020000 0.020000
0 0.643380 0.393467 0.020000 0.020000
0 0.647059 0.403406 0.020000 0.020000
0 0.656251 0.421873 0.020000 0.020000
0 0.648894 0.437503 0.020000 0.020000
0 0.691176 0.437503 0.020000 0.020000
0 0.691176 0.423297 0.020000 0.020000
0 0.689341 0.410509 0.020000 0.020000
0 0.693012 0.389206 0.020000 0.020000
0 0.727937 0.393467 0.020000 0.020000
0 0.722424 0.416194 0.020000 0.020000
0 0.720588 0.433236 0.020000 0.020000
0 0.724267 0.438921 0.020000 0.020000
0 0.768384 0.441764 0.020000 0.020000
0 0.764706 0.430400 0.020000 0.020000
0 0.764706 0.411933 0.020000 0.020000
0 0.759192 0.386364 0.020000 0.020000
0 0.810659 0.389206 0.020000 0.020000
0 0.794118 0.410509 0.020000 0.020000
0 0.797796 0.424715 0.020000 0.020000
0 0.801467 0.441764 0.020000 0.020000