0 0.073529 0.154827 0.020000 0.020000
0 0.101106 0.153409 0.020000 0.020000
0 0.130518 0.153409 0.020000 0.020000
0 0.158088 0.151991 0.020000 0.020000
0 0.183824 0.154827 0.020000 0.020000
0 0.211400 0.154827 0.020000 0.020000
0 0.238971 0.154827 0.020000 0.020000
0 0.272059 0.150568 0.020000 0.020000
0 0.301471 0.151991 0.020000 0.020000
0 0.323529 0.154827 0.020000 0.020000
0 0.352941 0.153409 0.020000 0.020000
0 0.375000 0.154827 0.020000 0.020000
0 0.417282 0.154827 0.020000 0.020000
0 0.463235 0.150568 0.020000 0.020000
0 0.494482 0.153409 0.020000 0.020000
0 0.518382 0.153409 0.020000 0.020000
0 0.545953 0.154827 0.020000 0.020000
0 0.575365 0.151991 0.020000 0.020000
0 0.606618 0.151991 0.020000 0.020000
0 0.628676 0.151991 0.020000 0.020000
0 0.659929 0.150568 0.020000 0.020000
0 0.687500 0.153409 0.020000 0.020000
0 0.709559 0.151991 0.020000 0.020000
0 0.742647 0.154827 0.020000 0.020000
0 0.770224 0.153409 0.020000 0.020000
0 0.794118 0.153409 0.020000 0.020000
0 0.823529 0.154827 0.020000 0.020000
0 0.851106 0.150568 0.020000 0.020000
0 0.880518 0.149145 0.020000 0.020000
0 0.908088 0.150568 0.020000 0.020000
0 0.069853 0.193182 0.020000 0.020000
0 0.104776 0.193182 0.020000 0.020000
0 0.128676 0.190341 0.020000 0.020000
0 0.183824 0.194600 0.020000 0.020000
0 0.216912 0.193182 0.020000 0.020000
0 0.262871 0.193182 0.020000 0.020000
0 0.290441 0.191764 0.020000 0.020000
0 0.318012 0.190341 0.020000 0.020000
0 0.341912 0.188918 0.020000 0.020000
0 0.068012 0.271309 0.020000 0.020000
0 0.141541 0.272727 0.020000 0.020000
0 0.066176 0.598009 0.020000 0.020000
0 0.137871 0.598009 0.020000 0.020000
0 0.099265 0.613636 0.020000 0.020000
0 0.099265 0.627841 0.020000 0.020000
0 0.099265 0.644886 0.020000 0.020000
0 0.066176 0.673295 0.020000 0.020000
0 0.137871 0.671873 0.020000 0.020000
0 0.099265 0.688918 0.020000 0.020000
0 0.099265 0.703127 0.020000 0.020000
0 0.099265 0.720173 0.020000 0.020000
0 0.068012 0.748582 0.020000 0.020000
0 0.137871 0.750000 0.020000 0.020000
0 0.099265 0.764205 0.020000 0.020000
0 0.101106 0.778409 0.020000 0.020000
0 0.099265 0.794036 0.020000 0.020000
0 0.097424 0.813918 0.020000 0.020000
0 0.126835 0.823864 0.020000 0.020000
0 0.128676 0.839491 0.020000 0.020000
0 0.130518 0.855114 0.020000 0.020000
0 0.125000 0.873582 0.020000 0.020000
0 0.332718 0.872159 0.020000 0.020000
0 0.334559 0.855114 0.020000 0.020000
0 0.332718 0.836645 0.020000 0.020000
0 0.332718 0.821023 0.020000 0.020000
0 0.525735 0.823864 0.020000 0.020000
0 0.531247 0.842327 0.020000 0.020000
0 0.529412 0.857955 0.020000 0.020000
0 0.529412 0.869318 0.020000 0.020000
0 0.069853 0.490055 0.020000 0.020000
0 0.068012 0.515627 0.020000 0.020000
0 0.068012 0.438918 0.020000 0.020000
0 0.150735 0.438918 0.020000 0.020000
0 0.637871 0.552555 0.020000 0.020000
0 0.705882 0.553977 0.020000 0.020000
1 0.692097 0.521309 0.143159 0.020000
1 0.457721 0.801136 0.126618 0.020000
1 0.827206 0.875709 0.229565 0.021418
1 0.736215 0.894886 0.382135 0.022845
1 0.589153 0.913355 0.135812 0.020000
1 0.746324 0.914064 0.119259 0.021418
1 0.520221 0.936791 0.156029 0.021418
1 0.679229 0.938209 0.132129 0.021418
2 0.248159 0.313920 0.389706 0.019886
2 0.568015 0.313209 0.253676 0.024145
2 0.820771 0.313918 0.259188 0.022727
2 0.823529 0.335936 0.253671 0.021309
2 0.568018 0.335936 0.257353 0.021309
2 0.245406 0.337357 0.387871 0.024150
2 0.245406 0.360795 0.387871 0.022727
2 0.568018 0.359375 0.257353 0.025568
2 0.821694 0.358664 0.250000 0.024145
2 0.497244 0.384232 0.898900 0.026991