0 0.211396 0.619315 0.020000 0.020000
0 0.292282 0.620739 0.020000 0.020000
0 0.365812 0.620739 0.020000 0.020000
0 0.441176 0.620739 0.020000 0.020000
0 0.533090 0.623582 0.020000 0.020000
0 0.670957 0.619315 0.020000 0.020000
0 0.553310 0.642048 0.020000 0.020000
0 0.553310 0.663352 0.020000 0.020000
0 0.558824 0.678976 0.020000 0.020000
0 0.240808 0.686079 0.020000 0.020000
0 0.237129 0.663352 0.020000 0.020000
0 0.237129 0.643467 0.020000 0.020000
0 0.183820 0.178976 0.020000 0.020000
0 0.251835 0.178976 0.020000 0.020000
0 0.345584 0.180400 0.020000 0.020000
0 0.426471 0.176133 0.020000 0.020000
0 0.518384 0.177558 0.020000 0.020000
0 0.610290 0.176133 0.020000 0.020000
0 0.580878 0.156248 0.020000 0.020000
0 0.619482 0.154830 0.020000 0.020000
1 0.306984 0.539773 0.497937 0.028527
1 0.786765 0.539061 0.258973 0.021418
2 0.101102 0.845882 0.084557 0.018467
2 0.101102 0.865767 0.084557 0.021303
2 0.099263 0.887782 0.080878 0.022727
2 0.099263 0.909091 0.080878 0.019891
2 0.099263 0.927558 0.080878 0.017042
2 0.405329 0.845882 0.523898 0.018467
2 0.405333 0.865058 0.520220 0.019885
2 0.401651 0.887073 0.523898 0.021309
2 0.399816 0.909091 0.527569 0.022727
2 0.403494 0.931818 0.534925 0.022727
2 0.805149 0.931109 0.268384 0.024145
2 0.799635 0.908382 0.279412 0.021309
2 0.800553 0.888494 0.281247 0.018467
2 0.800553 0.867897 0.281247 0.022727
2 0.797796 0.847300 0.275733 0.018467
2 0.498161 0.754261 0.875004 0.076703
2 0.363051 0.159091 0.612125 0.022727
2 0.805145 0.159800 0.272063 0.024145
2 0.503675 0.198155 0.886031 0.024152
2 0.500918 0.218752 0.891545 0.017042
2 0.500000 0.237927 0.886024 0.021309
2 0.742647 0.259233 0.400729 0.021303
2 0.301471 0.262076 0.485294 0.018467