0 0.071694 0.917614 0.020000 0.020000
0 0.073529 0.943182 0.020000 0.020000
0 0.481618 0.916191 0.020000 0.020000
0 0.476106 0.947445 0.020000 0.020000
0 0.389706 0.617900 0.020000 0.020000
0 0.477941 0.617900 0.020000 0.020000
0 0.566176 0.610795 0.020000 0.020000
0 0.080882 0.396309 0.020000 0.020000
0 0.165441 0.389205 0.020000 0.020000
0 0.093753 0.298295 0.020000 0.020000
0 0.128676 0.298295 0.020000 0.020000
0 0.158088 0.298295 0.020000 0.020000
0 0.183824 0.298295 0.020000 0.020000
0 0.211400 0.299718 0.020000 0.020000
0 0.231618 0.298295 0.020000 0.020000
0 0.262871 0.296873 0.020000 0.020000
0 0.292282 0.295455 0.020000 0.020000
0 0.312500 0.292614 0.020000 0.020000
0 0.343753 0.294036 0.020000 0.020000
0 0.369482 0.296873 0.020000 0.020000
0 0.419118 0.292614 0.020000 0.020000
0 0.455882 0.295455 0.020000 0.020000
0 0.483459 0.295455 0.020000 0.020000
0 0.512871 0.292614 0.020000 0.020000
0 0.542282 0.292614 0.020000 0.020000
0 0.564341 0.291191 0.020000 0.020000
0 0.591912 0.296873 0.020000 0.020000
0 0.623165 0.296873 0.020000 0.020000
0 0.648894 0.294036 0.020000 0.020000
0 0.680147 0.291191 0.020000 0.020000
0 0.705882 0.298295 0.020000 0.020000
0 0.737129 0.294036 0.020000 0.020000
0 0.766541 0.295455 0.020000 0.020000
0 0.790441 0.296873 0.020000 0.020000
0 0.818012 0.296873 0.020000 0.020000
0 0.841912 0.295455 0.020000 0.020000
0 0.862129 0.295455 0.020000 0.020000
0 0.887871 0.296873 0.020000 0.020000
0 0.931988 0.295455 0.020000 0.020000
0 0.841912 0.350855 0.020000 0.020000
0 0.862129 0.350855 0.020000 0.020000
0 0.895224 0.353691 0.020000 0.020000
0 0.922794 0.355114 0.020000 0.020000
0 0.784929 0.346591 0.020000 0.020000
0 0.753676 0.346591 0.020000 0.020000
0 0.698529 0.348009 0.020000 0.020000
0 0.665441 0.349432 0.020000 0.020000
0 0.617647 0.348009 0.020000 0.020000
0 0.591912 0.348009 0.020000 0.020000
0 0.568012 0.345173 0.020000 0.020000
0 0.534929 0.342327 0.020000 0.020000
0 0.498165 0.346591 0.020000 0.020000
0 0.481618 0.349432 0.020000 0.020000
0 0.455882 0.348009 0.020000 0.020000
0 0.435659 0.345173 0.020000 0.020000
0 0.397059 0.342327 0.020000 0.020000
0 0.351106 0.340909 0.020000 0.020000
0 0.330882 0.340909 0.020000 0.020000
0 0.301471 0.350855 0.020000 0.020000
0 0.264706 0.349432 0.020000 0.020000
0 0.209559 0.343750 0.020000 0.020000
0 0.191176 0.348009 0.020000 0.020000
0 0.126835 0.342327 0.020000 0.020000
0 0.104776 0.348009 0.020000 0.020000
0 0.080882 0.355114 0.020000 0.020000
0 0.472424 0.390627 0.020000 0.020000
0 0.509188 0.394886 0.020000 0.020000
0 0.542282 0.393464 0.020000 0.020000
0 0.568012 0.386364 0.020000 0.020000
0 0.595588 0.394886 0.020000 0.020000
0 0.634188 0.390627 0.020000 0.020000
0 0.658088 0.392045 0.020000 0.020000
0 0.700365 0.392045 0.020000 0.020000
0 0.310659 0.555400 0.020000 0.020000
0 0.341912 0.562500 0.020000 0.020000
0 0.503676 0.556818 0.020000 0.020000
0 0.536765 0.559659 0.020000 0.020000
0 0.568012 0.562500 0.020000 0.020000
0 0.601106 0.556818 0.020000 0.020000
0 0.625000 0.558236 0.020000 0.020000
0 0.683824 0.556818 0.020000 0.020000
0 0.718753 0.553977 0.020000 0.020000
0 0.750000 0.556818 0.020000 0.020000
0 0.779412 0.556818 0.020000 0.020000
0 0.170953 0.556818 0.020000 0.020000
0 0.207718 0.561082 0.020000 0.020000
0 0.174635 0.825282 0.020000 0.020000
0 0.205882 0.822445 0.020000 0.020000
0 0.312500 0.826705 0.020000 0.020000
0 0.360294 0.823864 0.020000 0.020000
0 0.058824 0.875000 0.020000 0.020000
0 0.104776 0.880682 0.020000 0.020000
0 0.139706 0.870736 0.020000 0.020000
0 0.191176 0.876418 0.020000 0.020000
0 0.209559 0.875000 0.020000 0.020000
0 0.235294 0.873582 0.020000 0.020000
0 0.288600 0.876418 0.020000 0.020000
0 0.325365 0.879264 0.020000 0.020000
0 0.345588 0.875000 0.020000 0.020000
0 0.382353 0.875000 0.020000 0.020000
0 0.101106 0.451705 0.020000 0.020000
0 0.128676 0.450282 0.020000 0.020000
0 0.159929 0.455964 0.020000 0.020000
0 0.181988 0.450282 0.020000 0.020000
0 0.211400 0.454545 0.020000 0.020000
0 0.242647 0.447445 0.020000 0.020000
0 0.266541 0.448864 0.020000 0.020000
0 0.295953 0.451705 0.020000 0.020000
0 0.323529 0.457386 0.020000 0.020000
0 0.360294 0.457386 0.020000 0.020000
0 0.384188 0.461645 0.020000 0.020000
0 0.419118 0.457386 0.020000 0.020000
0 0.455882 0.451705 0.020000 0.020000
0 0.485294 0.453127 0.020000 0.020000
0 0.518382 0.454545 0.020000 0.020000
0 0.540441 0.448864 0.020000 0.020000
0 0.562500 0.453127 0.020000 0.020000
0 0.597424 0.453127 0.020000 0.020000
0 0.630518 0.451705 0.020000 0.020000
0 0.647059 0.450282 0.020000 0.020000
0 0.681988 0.451705 0.020000 0.020000
0 0.711400 0.448864 0.020000 0.020000
0 0.729776 0.454545 0.020000 0.020000
0 0.757353 0.451705 0.020000 0.020000
0 0.786765 0.453127 0.020000 0.020000
0 0.823529 0.454545 0.020000 0.020000
0 0.840071 0.454545 0.020000 0.020000
0 0.871324 0.450282 0.020000 0.020000
0 0.904412 0.453127 0.020000 0.020000
0 0.920953 0.453127 0.020000 0.020000
0 0.112129 0.497159 0.020000 0.020000
0 0.145224 0.497159 0.020000 0.020000
0 0.163600 0.494318 0.020000 0.020000
0 0.196694 0.494318 0.020000 0.020000
0 0.224265 0.492900 0.020000 0.020000
0 0.248165 0.494318 0.020000 0.020000
0 0.277576 0.492900 0.020000 0.020000
0 0.306988 0.494318 0.020000 0.020000
0 0.340071 0.494318 0.020000 0.020000
0 0.363971 0.492900 0.020000 0.020000
0 0.398894 0.494318 0.020000 0.020000
0 0.424635 0.492900 0.020000 0.020000
0 0.446694 0.495736 0.020000 0.020000
0 0.472424 0.497159 0.020000 0.020000
0 0.496324 0.494318 0.020000 0.020000
0 0.527576 0.494318 0.020000 0.020000
0 0.553306 0.495736 0.020000 0.020000
0 0.588235 0.494318 0.020000 0.020000
0 0.625000 0.497159 0.020000 0.020000
0 0.648894 0.498582 0.020000 0.020000
0 0.667282 0.502841 0.020000 0.020000
0 0.702206 0.497159 0.020000 0.020000
0 0.726106 0.500000 0.020000 0.020000
0 0.759188 0.500000 0.020000 0.020000
0 0.788600 0.498582 0.020000 0.020000
0 0.810659 0.497159 0.020000 0.020000
0 0.841912 0.497159 0.020000 0.020000
0 0.865812 0.498582 0.020000 0.020000
0 0.904412 0.501418 0.020000 0.020000
0 0.922794 0.495736 0.020000 0.020000
0 0.174635 0.522727 0.020000 0.020000
0 0.205882 0.526991 0.020000 0.020000
0 0.231618 0.529827 0.020000 0.020000
0 0.259188 0.522727 0.020000 0.020000
0 0.284929 0.529827 0.020000 0.020000
0 0.404412 0.525568 0.020000 0.020000
0 0.420953 0.524145 0.020000 0.020000
0 0.450365 0.528409 0.020000 0.020000
0 0.481618 0.525568 0.020000 0.020000
0 0.509188 0.526991 0.020000 0.020000
0 0.531247 0.528409 0.020000 0.020000
0 0.569853 0.525568 0.020000 0.020000
0 0.599265 0.526991 0.020000 0.020000
0 0.626835 0.528409 0.020000 0.020000
0 0.652576 0.528409 0.020000 0.020000
0 0.674635 0.526991 0.020000 0.020000
0 0.700365 0.525568 0.020000 0.020000
0 0.729776 0.525568 0.020000 0.020000
0 0.762871 0.528409 0.020000 0.020000
0 0.792282 0.525568 0.020000 0.020000
0 0.825365 0.524145 0.020000 0.020000
0 0.851106 0.526991 0.020000 0.020000
0 0.909929 0.531250 0.020000 0.020000
0 0.056988 0.613636 0.020000 0.020000
0 0.102941 0.615055 0.020000 0.020000
0 0.128676 0.619318 0.020000 0.020000
0 0.181988 0.615055 0.020000 0.020000
0 0.213235 0.619318 0.020000 0.020000
0 0.262871 0.612218 0.020000 0.020000
0 0.303306 0.615055 0.020000 0.020000
0 0.347424 0.615055 0.020000 0.020000
0 0.069853 0.654827 0.020000 0.020000
0 0.091912 0.659091 0.020000 0.020000
0 0.128676 0.660509 0.020000 0.020000
0 0.181988 0.663355 0.020000 0.020000
0 0.211400 0.657673 0.020000 0.020000
0 0.238971 0.657673 0.020000 0.020000
0 0.290441 0.657673 0.020000 0.020000
0 0.323529 0.660509 0.020000 0.020000
0 0.352941 0.659091 0.020000 0.020000
0 0.391541 0.660509 0.020000 0.020000
0 0.101106 0.727273 0.020000 0.020000
0 0.134188 0.724432 0.020000 0.020000
0 0.154412 0.725855 0.020000 0.020000
0 0.193012 0.724432 0.020000 0.020000
0 0.222424 0.725855 0.020000 0.020000
0 0.246324 0.724432 0.020000 0.020000
0 0.273894 0.724432 0.020000 0.020000
0 0.301471 0.727273 0.020000 0.020000
0 0.325365 0.725855 0.020000 0.020000
0 0.347424 0.725855 0.020000 0.020000
0 0.391541 0.727273 0.020000 0.020000
0 0.431988 0.724432 0.020000 0.020000
0 0.457718 0.721591 0.020000 0.020000
0 0.483459 0.723009 0.020000 0.020000
0 0.512871 0.721591 0.020000 0.020000
0 0.549635 0.723009 0.020000 0.020000
0 0.568012 0.720173 0.020000 0.020000
0 0.591912 0.721591 0.020000 0.020000
0 0.630518 0.723009 0.020000 0.020000
0 0.647059 0.720173 0.020000 0.020000
0 0.689341 0.717327 0.020000 0.020000
0 0.715071 0.721591 0.020000 0.020000
0 0.746324 0.720173 0.020000 0.020000
0 0.764706 0.723009 0.020000 0.020000
0 0.794118 0.725855 0.020000 0.020000
0 0.825365 0.724432 0.020000 0.020000
0 0.845588 0.720173 0.020000 0.020000
0 0.867647 0.723009 0.020000 0.020000
0 0.913600 0.724432 0.020000 0.020000
0 0.935659 0.723009 0.020000 0.020000
0 0.930147 0.767045 0.020000 0.020000
0 0.906247 0.765627 0.020000 0.020000
0 0.882353 0.792614 0.020000 0.020000
0 0.849265 0.792614 0.020000 0.020000
0 0.830882 0.789773 0.020000 0.020000
0 0.795953 0.796873 0.020000 0.020000
0 0.772059 0.795455 0.020000 0.020000
0 0.746324 0.795455 0.020000 0.020000
0 0.711400 0.794036 0.020000 0.020000
0 0.681988 0.792614 0.020000 0.020000
0 0.656247 0.796873 0.020000 0.020000
0 0.625000 0.792614 0.020000 0.020000
0 0.599265 0.792614 0.020000 0.020000
0 0.575365 0.791191 0.020000 0.020000
0 0.536765 0.792614 0.020000 0.020000
0 0.514706 0.792614 0.020000 0.020000
0 0.485294 0.792614 0.020000 0.020000
0 0.455882 0.792614 0.020000 0.020000
0 0.437500 0.789773 0.020000 0.020000
0 0.398894 0.789773 0.020000 0.020000
0 0.290441 0.795455 0.020000 0.020000
0 0.259188 0.796873 0.020000 0.020000
0 0.227941 0.794036 0.020000 0.020000
0 0.200365 0.794036 0.020000 0.020000
0 0.183824 0.796873 0.020000 0.020000
0 0.518382 0.826705 0.020000 0.020000
0 0.542282 0.826705 0.020000 0.020000
0 0.573529 0.830964 0.020000 0.020000
0 0.608459 0.828127 0.020000 0.020000
0 0.637871 0.823864 0.020000 0.020000
0 0.680147 0.825282 0.020000 0.020000
0 0.715071 0.826705 0.020000 0.020000
0 0.744482 0.826705 0.020000 0.020000
0 0.775735 0.828127 0.020000 0.020000
0 0.115812 0.759945 0.020000 0.020000
0 0.143382 0.764205 0.020000 0.020000
0 0.174635 0.762782 0.020000 0.020000
0 0.191176 0.761364 0.020000 0.020000
0 0.231618 0.761364 0.020000 0.020000
0 0.253676 0.757100 0.020000 0.020000
0 0.286765 0.762782 0.020000 0.020000
0 0.310659 0.758523 0.020000 0.020000
0 0.340071 0.759945 0.020000 0.020000
0 0.369482 0.765627 0.020000 0.020000
0 0.402576 0.762782 0.020000 0.020000
0 0.419118 0.762782 0.020000 0.020000
0 0.457718 0.757100 0.020000 0.020000
0 0.487129 0.765627 0.020000 0.020000
0 0.514706 0.762782 0.020000 0.020000
0 0.538600 0.764205 0.020000 0.020000
0 0.568012 0.759945 0.020000 0.020000
0 0.586400 0.761364 0.020000 0.020000
0 0.626835 0.761364 0.020000 0.020000
0 0.652576 0.759945 0.020000 0.020000
0 0.674635 0.761364 0.020000 0.020000
0 0.700365 0.761364 0.020000 0.020000
0 0.722424 0.761364 0.020000 0.020000
0 0.746324 0.762782 0.020000 0.020000
0 0.784929 0.764205 0.020000 0.020000
0 0.814341 0.761364 0.020000 0.020000
0 0.845588 0.759945 0.020000 0.020000
0 0.863971 0.761364 0.020000 0.020000
2 0.729779 0.651991 0.437500 0.045455
2 0.766544 0.859375 0.393382 0.036932