0 0.632353 0.813918 0.020000 0.020000
0 0.632353 0.768464 0.020000 0.020000
0 0.286765 0.813918 0.020000 0.020000
0 0.281247 0.765627 0.020000 0.020000
0 0.281247 0.159091 0.020000 0.020000
0 0.630518 0.156250 0.020000 0.020000
1 0.309744 0.068182 0.367429 0.022836
1 0.818015 0.070311 0.244265 0.021423
1 0.427391 0.198864 0.334335 0.020000
1 0.787682 0.201705 0.315953 0.020000
1 0.780332 0.235084 0.334335 0.021423
1 0.431988 0.232243 0.328824 0.024259
1 0.394300 0.276280 0.246106 0.021423
1 0.394303 0.313211 0.257135 0.024259
1 0.750000 0.279830 0.255294 0.022841
1 0.742647 0.315341 0.244259 0.020000
1 0.785847 0.417614 0.330659 0.020000
1 0.784929 0.458807 0.328824 0.022841
1 0.784009 0.495027 0.326982 0.021418
1 0.784926 0.529827 0.332500 0.020000
1 0.782171 0.624289 0.334341 0.024259
1 0.779412 0.660509 0.328824 0.020000
1 0.782168 0.694600 0.326982 0.020000
1 0.793200 0.850855 0.297576 0.020000
1 0.786765 0.872159 0.295741 0.020000
1 0.793197 0.890625 0.304924 0.022841
1 0.793200 0.910514 0.312282 0.025682
1 0.428309 0.418325 0.325147 0.021423
1 0.428312 0.463068 0.321471 0.025682
1 0.431065 0.497870 0.338012 0.021423
1 0.425553 0.533380 0.330659 0.024259
1 0.429229 0.625709 0.334341 0.021418
1 0.429229 0.660511 0.323306 0.022841
1 0.431068 0.696023 0.330665 0.022845
1 0.436582 0.850143 0.308600 0.021423
1 0.439341 0.870741 0.314118 0.025682
1 0.442097 0.891336 0.304924 0.021418
1 0.440259 0.908380 0.315953 0.024259