0 0.463200 0.133522 0.020000 0.020000
0 0.496127 0.132102 0.020000 0.020000
0 0.516982 0.134941 0.020000 0.020000
0 0.520273 0.230110 0.020000 0.020000
0 0.488442 0.230110 0.020000 0.020000
0 0.462097 0.227271 0.020000 0.020000
0 0.459903 0.322447 0.020000 0.020000
0 0.488442 0.328125 0.020000 0.020000
0 0.518079 0.325286 0.020000 0.020000
0 0.519176 0.416196 0.020000 0.020000
0 0.486248 0.417616 0.020000 0.020000
0 0.462097 0.416196 0.020000 0.020000
0 0.463200 0.514204 0.020000 0.020000
0 0.491733 0.511365 0.020000 0.020000
0 0.513691 0.511365 0.020000 0.020000
0 0.513691 0.605114 0.020000 0.020000
0 0.489539 0.596588 0.020000 0.020000
0 0.461000 0.592329 0.020000 0.020000
0 0.464297 0.697443 0.020000 0.020000
0 0.480758 0.690337 0.020000 0.020000
0 0.514788 0.693184 0.020000 0.020000
0 0.516982 0.791192 0.020000 0.020000
0 0.490636 0.785514 0.020000 0.020000
0 0.463200 0.778408 0.020000 0.020000
0 0.461000 0.876424 0.020000 0.020000
0 0.484055 0.876424 0.020000 0.020000
0 0.516982 0.876424 0.020000 0.020000
2 0.720042 0.132812 0.381976 0.089482
2 0.718945 0.227271 0.384170 0.099435
2 0.717297 0.322443 0.380873 0.090910
2 0.717845 0.418325 0.379776 0.100855
2 0.717845 0.513494 0.377582 0.089482
2 0.717297 0.599431 0.378679 0.082392
2 0.717845 0.691761 0.379776 0.102267
2 0.718942 0.785510 0.377582 0.085231
2 0.719491 0.875000 0.378679 0.088071