1 0.318015 0.339489 0.192794 0.022841
1 0.391544 0.374289 0.545735 0.024259
1 0.728859 0.428977 0.271835 0.025682
1 0.528491 0.465909 0.657865 0.022836
1 0.337315 0.502841 0.378453 0.020000
1 0.653494 0.501420 0.227718 0.022841
1 0.310665 0.643464 0.395000 0.020000
1 0.710479 0.647018 0.315959 0.021418
1 0.484376 0.681109 0.713012 0.021418
1 0.693012 0.718039 0.328824 0.021423
1 0.342832 0.749291 0.091688 0.021418
1 0.488050 0.752841 0.135806 0.022845
1 0.333641 0.789773 0.440953 0.022836
1 0.307903 0.302557 0.411547 0.022841
1 0.337318 0.122159 0.194635 0.022845
1 0.750918 0.126418 0.179929 0.020000
1 0.333638 0.138493 0.429924 0.021423