0 0.489539 0.116478 0.020000 0.020000
0 0.516982 0.116478 0.020000 0.020000
0 0.538933 0.115059 0.020000 0.020000
0 0.543321 0.174714 0.020000 0.020000
0 0.514788 0.171875 0.020000 0.020000
0 0.485152 0.180400 0.020000 0.020000
0 0.487345 0.248580 0.020000 0.020000
0 0.513691 0.250000 0.020000 0.020000
0 0.546618 0.251420 0.020000 0.020000
0 0.538933 0.325286 0.020000 0.020000
0 0.518079 0.325286 0.020000 0.020000
0 0.486248 0.323867 0.020000 0.020000
0 0.487345 0.421875 0.020000 0.020000
0 0.512588 0.427553 0.020000 0.020000
0 0.538933 0.424714 0.020000 0.020000
1 0.510942 0.551847 0.850903 0.024259
1 0.507652 0.583804 0.857485 0.020000
1 0.506555 0.615769 0.853097 0.024259
1 0.508748 0.648435 0.859679 0.021420
1 0.508748 0.678267 0.857485 0.021427
1 0.503812 0.715906 0.854194 0.020000
1 0.506006 0.746451 0.849806 0.021420
1 0.509845 0.774859 0.850903 0.024259
1 0.509297 0.807529 0.849806 0.029945
1 0.562533 0.904122 0.743333 0.024259
2 0.740894 0.115059 0.375388 0.053976
2 0.740894 0.178267 0.375388 0.072439
2 0.743639 0.249290 0.380879 0.069608
2 0.743091 0.327416 0.381976 0.086643
2 0.740897 0.423294 0.379782 0.105114