0 0.075365 0.491477 0.020000 0.020000
0 0.075365 0.521309 0.020000 0.020000
0 0.077206 0.555400 0.020000 0.020000
0 0.137871 0.595173 0.020000 0.020000
0 0.132353 0.629264 0.020000 0.020000
0 0.139706 0.659091 0.020000 0.020000
0 0.075365 0.688918 0.020000 0.020000
0 0.077206 0.728691 0.020000 0.020000
0 0.443012 0.762782 0.020000 0.020000
0 0.522059 0.765627 0.020000 0.020000
0 0.608459 0.759945 0.020000 0.020000
0 0.733459 0.762782 0.020000 0.020000
1 0.695771 0.452416 0.363753 0.021423
1 0.670038 0.605825 0.584335 0.021423
1 0.675553 0.637073 0.576988 0.021418
1 0.639706 0.666193 0.652353 0.022841
1 0.324447 0.739348 0.135812 0.024259
2 0.271138 0.833095 0.450371 0.029827
2 0.735294 0.832386 0.441176 0.028409
2 0.732535 0.860795 0.446694 0.028409
2 0.267462 0.865059 0.439335 0.028409
2 0.303306 0.910511 0.500000 0.025568
2 0.688418 0.909800 0.259188 0.032673
2 0.886029 0.910509 0.139706 0.034091
2 0.307906 0.286220 0.516541 0.032668
2 0.646141 0.286932 0.159929 0.031245
2 0.845588 0.286223 0.238965 0.029827
2 0.851103 0.317470 0.224265 0.026986
2 0.386950 0.316050 0.689335 0.029827
2 0.494488 0.347300 0.904412 0.035509
2 0.500000 0.378550 0.893388 0.029827
2 0.501835 0.407668 0.897059 0.028409