0 0.080882 0.207386 0.020000 0.020000
0 0.141541 0.204545 0.020000 0.020000
0 0.189341 0.205964 0.020000 0.020000
0 0.229776 0.204545 0.020000 0.020000
0 0.279412 0.205964 0.020000 0.020000
0 0.330882 0.208809 0.020000 0.020000
0 0.376835 0.208809 0.020000 0.020000
0 0.419118 0.204545 0.020000 0.020000
0 0.455882 0.210227 0.020000 0.020000
0 0.516541 0.207386 0.020000 0.020000
0 0.579047 0.205964 0.020000 0.020000
0 0.641541 0.207386 0.020000 0.020000
0 0.672794 0.208809 0.020000 0.020000
0 0.729776 0.208809 0.020000 0.020000
0 0.768382 0.210227 0.020000 0.020000
0 0.816176 0.205964 0.020000 0.020000
0 0.876835 0.205964 0.020000 0.020000
0 0.926471 0.205964 0.020000 0.020000
1 0.378676 0.615055 0.663376 0.020000
1 0.825368 0.614345 0.222206 0.021418
1 0.384191 0.762073 0.656029 0.021418
1 0.831803 0.762075 0.249782 0.027105
2 0.501841 0.259232 0.875000 0.038355
2 0.779412 0.304686 0.316176 0.041191
2 0.475185 0.303268 0.248159 0.041191
2 0.202206 0.304686 0.283094 0.038355
2 0.503676 0.348011 0.875000 0.042614
2 0.851100 0.390623 0.169118 0.039773
2 0.660847 0.395595 0.189341 0.038355
2 0.503676 0.394886 0.113965 0.042609
2 0.237132 0.398439 0.371324 0.041195
2 0.503676 0.450286 0.878671 0.039773
2 0.501841 0.506391 0.875000 0.046873
2 0.851106 0.557530 0.176471 0.041195
2 0.661765 0.551136 0.180141 0.039773
2 0.498162 0.553977 0.106618 0.034091
2 0.240809 0.552559 0.363971 0.039773