0 0.699462 0.220171 0.020000 0.020000
0 0.697453 0.250000 0.020000 0.020000
0 0.701470 0.272728 0.020000 0.020000
0 0.703485 0.289773 0.020000 0.020000
0 0.717550 0.336648 0.020000 0.020000
0 0.697453 0.367897 0.020000 0.020000
0 0.852220 0.362215 0.020000 0.020000
0 0.856237 0.332386 0.020000 0.020000
0 0.854229 0.298294 0.020000 0.020000
0 0.852220 0.275566 0.020000 0.020000
0 0.842166 0.244318 0.020000 0.020000
0 0.846189 0.224434 0.020000 0.020000
1 0.527610 0.145596 0.689316 0.021419
1 0.533642 0.180400 0.697350 0.025682
1 0.597961 0.442471 0.576757 0.021419
1 0.546706 0.465199 0.687302 0.024258
1 0.540678 0.487217 0.679262 0.028525
1 0.542686 0.509944 0.687308 0.020000
1 0.543690 0.531251 0.677253 0.022843
1 0.323603 0.581676 0.341591 0.024258
1 0.761770 0.583097 0.269238 0.027101
1 0.255263 0.644175 0.245118 0.024263