1 0.638788 0.237925 0.624776 0.024259
1 0.851100 0.215200 0.130294 0.021418
1 0.503676 0.257814 0.887647 0.027100
1 0.216912 0.296166 0.093529 0.024259
1 0.383274 0.291902 0.088018 0.021423
1 0.550553 0.293325 0.095365 0.021423
1 0.745406 0.291902 0.088012 0.021423
1 0.352941 0.330966 0.361906 0.022841
1 0.684744 0.329545 0.216688 0.022836
1 0.884191 0.329545 0.141324 0.020000
1 0.557903 0.367186 0.790218 0.024264
1 0.567097 0.401991 0.764488 0.020000
1 0.258271 0.437500 0.330659 0.020000
1 0.530332 0.439630 0.132135 0.021423
1 0.788606 0.437500 0.321471 0.025682
1 0.277576 0.473723 0.314118 0.024264
1 0.733459 0.491477 0.431765 0.028518
1 0.800553 0.512075 0.286541 0.027105
1 0.409009 0.511364 0.253453 0.022836
1 0.326288 0.838777 0.319635 0.024264
1 0.318015 0.877132 0.317794 0.024264
1 0.752759 0.865766 0.393165 0.021423
1 0.221509 0.546875 0.088018 0.022841
1 0.377759 0.549007 0.084341 0.021423
1 0.552388 0.548295 0.091694 0.022845
1 0.742647 0.548295 0.082494 0.020000
1 0.344671 0.583098 0.356400 0.021423
1 0.672794 0.585227 0.214859 0.028527
1 0.882353 0.585227 0.145000 0.020000
1 0.565256 0.620739 0.793900 0.022841
1 0.568012 0.658382 0.770000 0.021418
1 0.783088 0.692473 0.328824 0.021418
1 0.532168 0.692473 0.154194 0.021418
1 0.268382 0.692470 0.328824 0.024259
1 0.276656 0.732955 0.315959 0.022836
1 0.735294 0.739345 0.439118 0.021418
1 0.804229 0.764205 0.293894 0.025682
1 0.414521 0.767757 0.242429 0.024259