0 0.294118 0.401988 0.020000 0.020000
0 0.360290 0.404830 0.020000 0.020000
0 0.044118 0.812497 0.020000 0.020000
0 0.371325 0.811079 0.020000 0.020000
0 0.659929 0.822442 0.020000 0.020000
2 0.265624 0.840909 0.472424 0.028412
2 0.731616 0.840200 0.463231 0.029830
2 0.728859 0.870030 0.457718 0.029830
2 0.264706 0.870030 0.470588 0.029830
2 0.500000 0.529827 0.933820 0.088067
2 0.498161 0.672585 0.933827 0.117897
2 0.494482 0.161221 0.937498 0.029824
2 0.853859 0.188918 0.222431 0.025570
2 0.684741 0.188918 0.115804 0.025570
2 0.328125 0.189630 0.597427 0.026994
2 0.327208 0.217330 0.595592 0.028406
2 0.684745 0.218752 0.108455 0.031248
2 0.852024 0.216621 0.226102 0.026988
2 0.856620 0.249291 0.216910 0.032667
2 0.635110 0.251421 0.226110 0.028406
2 0.278490 0.251421 0.487129 0.028406
2 0.267463 0.312500 0.465075 0.028406
2 0.732537 0.312500 0.468745 0.031255
2 0.734373 0.341621 0.465075 0.026988
2 0.267463 0.343039 0.465075 0.024152
2 0.284929 0.372870 0.496322 0.032673
2 0.582722 0.372161 0.099263 0.034091
2 0.715075 0.369318 0.165443 0.028406
2 0.880514 0.367188 0.165435 0.032667
2 0.885110 0.398436 0.163600 0.024145
2 0.717831 0.399858 0.170957 0.024152
2 0.581800 0.400567 0.101106 0.025570