0 0.387871 0.278409 0.020000 0.020000
0 0.459559 0.278409 0.020000 0.020000
0 0.393382 0.332386 0.020000 0.020000
0 0.455882 0.330964 0.020000 0.020000
2 0.174629 0.500000 0.242647 0.056818
2 0.327206 0.499291 0.069847 0.055400
2 0.495403 0.500709 0.266547 0.058236
2 0.703126 0.501418 0.148900 0.056818
2 0.861215 0.504259 0.170959 0.062500
2 0.166359 0.828125 0.229776 0.036932
2 0.317094 0.824573 0.071694 0.044036
2 0.520221 0.825282 0.334559 0.045455
2 0.818012 0.824575 0.264706 0.041195
2 0.818012 0.870030 0.264706 0.049714
2 0.517462 0.870739 0.336394 0.048295
2 0.315256 0.870027 0.068018 0.046873
2 0.161765 0.870736 0.238965 0.045455
2 0.502756 0.395595 0.895218 0.026991
2 0.164524 0.615766 0.229776 0.044032
2 0.307906 0.615766 0.056988 0.044032
2 0.479782 0.614348 0.286765 0.041195
2 0.685662 0.614345 0.136029 0.044036
2 0.853862 0.602984 0.196688 0.018468
2 0.853859 0.624291 0.193012 0.024145
2 0.852941 0.647727 0.191176 0.022727
2 0.850182 0.669036 0.196694 0.022727
2 0.684741 0.659091 0.134188 0.042618
2 0.478859 0.659800 0.277576 0.044036
2 0.311579 0.658382 0.056982 0.046873
2 0.165441 0.659091 0.235294 0.048291
2 0.169118 0.705966 0.235294 0.048295
2 0.315259 0.704545 0.056988 0.051136
2 0.480700 0.704545 0.273894 0.051136
2 0.687500 0.706675 0.136035 0.044032
2 0.851106 0.690341 0.191176 0.022727
2 0.852941 0.715198 0.187506 0.026986
2 0.852941 0.739345 0.187506 0.021309
2 0.851106 0.760655 0.191176 0.021309
2 0.686582 0.750711 0.137871 0.041195
2 0.478862 0.750711 0.273900 0.041195
2 0.313421 0.752132 0.056982 0.038355
2 0.167282 0.752132 0.235294 0.041191