0 0.066176 0.903409 0.020000 0.020000
0 0.158088 0.906250 0.020000 0.020000
0 0.259188 0.901991 0.020000 0.020000
0 0.082718 0.176136 0.020000 0.020000
0 0.143382 0.183236 0.020000 0.020000
2 0.296874 0.085227 0.512865 0.042618
2 0.753676 0.085227 0.400741 0.042618
2 0.353859 0.786220 0.615812 0.044032
2 0.807906 0.784800 0.292282 0.046873
2 0.729779 0.862216 0.452206 0.048295
2 0.624079 0.913352 0.240806 0.053977
2 0.849265 0.913352 0.220588 0.059659
2 0.271138 0.861507 0.465076 0.044032
2 0.504594 0.549716 0.902576 0.275568
2 0.145221 0.276277 0.194853 0.026991
2 0.140624 0.310368 0.189341 0.029827
2 0.141544 0.337357 0.187500 0.024150
2 0.143382 0.366477 0.191176 0.034091
2 0.146141 0.396307 0.189341 0.025568
2 0.339156 0.399148 0.211394 0.031250
2 0.336400 0.367895 0.191176 0.028409
2 0.340994 0.338068 0.200365 0.031245
2 0.340994 0.305400 0.200365 0.034091
2 0.338235 0.275568 0.194847 0.025573
2 0.578124 0.276986 0.284929 0.028409
2 0.578124 0.307527 0.284929 0.032673
2 0.579962 0.338777 0.284924 0.029827
2 0.580882 0.367895 0.279412 0.028409
2 0.582724 0.397016 0.272059 0.029832
2 0.839153 0.396307 0.233459 0.031250
2 0.837318 0.367186 0.233459 0.026991
2 0.838235 0.336645 0.235294 0.034091
2 0.836394 0.306818 0.227941 0.028409
2 0.840991 0.279120 0.237135 0.026986