0 0.194895 0.417611 0.020000 0.020000
0 0.212984 0.414772 0.020000 0.020000
0 0.251153 0.417611 0.020000 0.020000
0 0.275266 0.419036 0.020000 0.020000
0 0.307419 0.419036 0.020000 0.020000
0 0.331524 0.419036 0.020000 0.020000
0 0.355637 0.416192 0.020000 0.020000
0 0.373718 0.417611 0.020000 0.020000
0 0.470169 0.419036 0.020000 0.020000
0 0.494274 0.416192 0.020000 0.020000
0 0.534460 0.416192 0.020000 0.020000
0 0.552548 0.417611 0.020000 0.020000
2 0.311435 0.382104 0.237097 0.034094
2 0.837859 0.380681 0.253169 0.034088