0 0.305147 0.032673 0.020000 0.020000
0 0.340071 0.032673 0.020000 0.020000
0 0.373165 0.031250 0.020000 0.020000
0 0.422794 0.032673 0.020000 0.020000
0 0.443012 0.032673 0.020000 0.020000
0 0.507353 0.035509 0.020000 0.020000
0 0.531247 0.032673 0.020000 0.020000
0 0.568012 0.029827 0.020000 0.020000
0 0.601106 0.036932 0.020000 0.020000
0 0.066176 0.099432 0.020000 0.020000
0 0.137871 0.098009 0.020000 0.020000
0 0.139706 0.127841 0.020000 0.020000
0 0.073529 0.125000 0.020000 0.020000
0 0.068012 0.365055 0.020000 0.020000
0 0.130518 0.367900 0.020000 0.020000
0 0.068012 0.294036 0.020000 0.020000
0 0.137871 0.288355 0.020000 0.020000
0 0.062500 0.463068 0.020000 0.020000
0 0.141541 0.465909 0.020000 0.020000
1 0.192097 0.182530 0.161547 0.024259
1 0.247244 0.211648 0.106394 0.022841
1 0.401653 0.208809 0.102718 0.020000
1 0.561579 0.733666 0.286547 0.024259
2 0.494488 0.287641 0.889706 0.075282
2 0.496324 0.377132 0.893376 0.063918
2 0.499082 0.463780 0.895224 0.078123
2 0.498162 0.548295 0.893382 0.059664
2 0.240812 0.626420 0.382353 0.031250
2 0.614891 0.627132 0.365806 0.029827
2 0.871324 0.632102 0.150741 0.036932
2 0.786765 0.669032 0.323529 0.039773
2 0.464156 0.666902 0.318018 0.044032
2 0.176471 0.666193 0.257353 0.042614