0 0.180147 0.826705 0.020000 0.020000
0 0.375000 0.822445 0.020000 0.020000
0 0.181988 0.521309 0.020000 0.020000
0 0.369482 0.519886 0.020000 0.020000
0 0.292282 0.413355 0.020000 0.020000
0 0.123165 0.416191 0.020000 0.020000
1 0.556068 0.166191 0.782865 0.020000
1 0.562500 0.295455 0.784706 0.020000
1 0.552388 0.316761 0.771835 0.022841
1 0.556065 0.337359 0.793894 0.024264
1 0.558824 0.357955 0.784706 0.022836
1 0.632353 0.573155 0.633976 0.021418
1 0.633274 0.872870 0.628453 0.021423
1 0.634191 0.899148 0.626618 0.022841
1 0.560659 0.702416 0.784706 0.021423
1 0.561579 0.725143 0.786547 0.021423
1 0.557906 0.747870 0.786541 0.021423
1 0.558824 0.767755 0.784706 0.021418