0 0.461000 0.129263 0.020000 0.020000
0 0.495030 0.127843 0.020000 0.020000
0 0.516982 0.129263 0.020000 0.020000
0 0.515885 0.220173 0.020000 0.020000
0 0.487345 0.215906 0.020000 0.020000
0 0.465394 0.217333 0.020000 0.020000
0 0.458806 0.306816 0.020000 0.020000
0 0.486248 0.298298 0.020000 0.020000
0 0.518079 0.302557 0.020000 0.020000
0 0.513691 0.411929 0.020000 0.020000
0 0.484055 0.416196 0.020000 0.020000
0 0.464297 0.420455 0.020000 0.020000
0 0.459903 0.488635 0.020000 0.020000
0 0.488442 0.487216 0.020000 0.020000
0 0.516982 0.485796 0.020000 0.020000
0 0.520273 0.562502 0.020000 0.020000
0 0.488442 0.558235 0.020000 0.020000
0 0.463200 0.556816 0.020000 0.020000
0 0.463200 0.636361 0.020000 0.020000
0 0.489539 0.637780 0.020000 0.020000
0 0.520273 0.637780 0.020000 0.020000
0 0.516982 0.725851 0.020000 0.020000
0 0.489539 0.727271 0.020000 0.020000
0 0.459903 0.728690 0.020000 0.020000
0 0.467588 0.779827 0.020000 0.020000
0 0.488442 0.779827 0.020000 0.020000
0 0.510394 0.781247 0.020000 0.020000
0 0.522467 0.835224 0.020000 0.020000
0 0.497224 0.833804 0.020000 0.020000
0 0.462097 0.838071 0.020000 0.020000
0 0.458806 0.890627 0.020000 0.020000
0 0.488442 0.892047 0.020000 0.020000
0 0.516982 0.890627 0.020000 0.020000
2 0.721136 0.132102 0.375388 0.088063
2 0.720039 0.220882 0.379776 0.083804
2 0.719491 0.303976 0.378679 0.082384
2 0.718942 0.419035 0.379776 0.085224
2 0.718942 0.486506 0.379776 0.049718
2 0.718394 0.556110 0.380873 0.089490
2 0.718942 0.638494 0.381970 0.069600
2 0.721685 0.727980 0.376485 0.055396
2 0.722236 0.781247 0.377588 0.051137
2 0.718945 0.835937 0.384170 0.058243
2 0.719491 0.894886 0.376485 0.059655