0 0.450024 0.241475 0.020000 0.020000
0 0.446733 0.299718 0.020000 0.020000
0 0.443442 0.359373 0.020000 0.020000
0 0.445636 0.414776 0.020000 0.020000
0 0.442345 0.470173 0.020000 0.020000
0 0.445636 0.546878 0.020000 0.020000
0 0.443442 0.619318 0.020000 0.020000
0 0.447830 0.684659 0.020000 0.020000
0 0.447830 0.742894 0.020000 0.020000
0 0.448927 0.812502 0.020000 0.020000
0 0.484055 0.808235 0.020000 0.020000
0 0.484055 0.750000 0.020000 0.020000
0 0.487345 0.684659 0.020000 0.020000
0 0.487345 0.625004 0.020000 0.020000
0 0.490636 0.558235 0.020000 0.020000
0 0.490636 0.470173 0.020000 0.020000
0 0.481855 0.411929 0.020000 0.020000
0 0.484055 0.359373 0.020000 0.020000
0 0.487345 0.295451 0.020000 0.020000
0 0.487345 0.242894 0.020000 0.020000
0 0.515885 0.242894 0.020000 0.020000
0 0.519176 0.302557 0.020000 0.020000
0 0.518079 0.359373 0.020000 0.020000
0 0.513691 0.410510 0.020000 0.020000
0 0.516982 0.463067 0.020000 0.020000
0 0.516982 0.553976 0.020000 0.020000
0 0.518079 0.619318 0.020000 0.020000
0 0.515885 0.674714 0.020000 0.020000
0 0.516982 0.737216 0.020000 0.020000
0 0.515885 0.819600 0.020000 0.020000
0 0.542224 0.808235 0.020000 0.020000
0 0.543321 0.741475 0.020000 0.020000
0 0.545521 0.680400 0.020000 0.020000
0 0.540030 0.613639 0.020000 0.020000
0 0.537836 0.553976 0.020000 0.020000
0 0.543321 0.468753 0.020000 0.020000
0 0.540030 0.416196 0.020000 0.020000
0 0.538933 0.352275 0.020000 0.020000
0 0.541127 0.288353 0.020000 0.020000
0 0.542224 0.244322 0.020000 0.020000
1 0.282639 0.458098 0.245012 0.024259
1 0.284833 0.794031 0.249400 0.022839
2 0.743094 0.812502 0.375388 0.073867
2 0.741994 0.747871 0.377588 0.055396
2 0.744188 0.683239 0.381976 0.073867
2 0.743639 0.620027 0.383073 0.052557
2 0.740345 0.556820 0.376485 0.073859
2 0.742542 0.468749 0.374285 0.048290
2 0.744191 0.413353 0.377582 0.059663
2 0.743094 0.359373 0.377582 0.051137
2 0.743094 0.299004 0.377582 0.069600
2 0.744191 0.241478 0.375388 0.045451