0 0.784929 0.835227 0.020000 0.020000
0 0.523894 0.833809 0.020000 0.020000
0 0.064341 0.741477 0.020000 0.020000
0 0.222424 0.744318 0.020000 0.020000
0 0.375000 0.744318 0.020000 0.020000
0 0.498165 0.745736 0.020000 0.020000
0 0.860294 0.745736 0.020000 0.020000
0 0.284929 0.332386 0.020000 0.020000
0 0.564341 0.332386 0.020000 0.020000
1 0.295956 0.273439 0.361912 0.027105
1 0.259194 0.924716 0.439118 0.022841
1 0.741726 0.924718 0.426253 0.020000
2 0.272059 0.389916 0.448529 0.035514
2 0.717832 0.391336 0.443018 0.032673
2 0.715076 0.428266 0.433824 0.032668
2 0.273897 0.426136 0.444853 0.036927
2 0.497244 0.467327 0.895218 0.045455
2 0.819853 0.514914 0.246318 0.049718
2 0.656253 0.514205 0.080882 0.051136
2 0.333638 0.512784 0.560665 0.048295
2 0.251841 0.600143 0.404412 0.044032
2 0.697612 0.598720 0.487129 0.046877
2 0.698529 0.645595 0.485294 0.049718
2 0.249082 0.644177 0.413600 0.052555