0 0.045953 0.803977 0.020000 0.020000
0 0.049635 0.823864 0.020000 0.020000
0 0.051471 0.848009 0.020000 0.020000
0 0.047794 0.876418 0.020000 0.020000
0 0.045953 0.903409 0.020000 0.020000
1 0.488971 0.134234 0.718529 0.021423
1 0.332721 0.169034 0.398676 0.022841
1 0.502756 0.376420 0.944629 0.022841
1 0.496324 0.410511 0.957494 0.022841
1 0.500000 0.446023 0.939118 0.020000
1 0.500000 0.479402 0.957506 0.021423
1 0.500000 0.514205 0.942800 0.020000
1 0.506435 0.547586 0.959341 0.024264
1 0.501838 0.583807 0.942794 0.022841
1 0.505515 0.614345 0.950147 0.021418
1 0.501835 0.653409 0.946471 0.025682
1 0.501841 0.683236 0.939118 0.020000
1 0.506432 0.718750 0.937276 0.020000