0 0.095584 0.468752 0.020000 0.020000
0 0.095584 0.490055 0.020000 0.020000
0 0.084557 0.507103 0.020000 0.020000
0 0.512871 0.474430 0.020000 0.020000
0 0.503678 0.490055 0.020000 0.020000
0 0.498165 0.502842 0.020000 0.020000
1 0.859373 0.074573 0.224047 0.021424
1 0.873161 0.095170 0.192800 0.020000
1 0.840992 0.190342 0.242424 0.022842
1 0.815259 0.215200 0.282863 0.027103
1 0.407169 0.184661 0.444627 0.025685
1 0.389706 0.210230 0.497937 0.020000
1 0.188420 0.251421 0.201984 0.022842
1 0.659004 0.516336 0.187278 0.024261
1 0.377757 0.690342 0.297569 0.025679
1 0.761949 0.694603 0.360071 0.025679
1 0.761027 0.725142 0.343529 0.021424
1 0.361216 0.725852 0.323310 0.022842
1 0.371322 0.761364 0.328824 0.025685
1 0.767463 0.762782 0.341686 0.028521
1 0.732537 0.809658 0.312275 0.025679
1 0.295957 0.852273 0.424416 0.034206
1 0.679227 0.858667 0.264478 0.027103
1 0.528494 0.890627 0.422573 0.022842
1 0.571690 0.906961 0.332494 0.021424
1 0.267463 0.946021 0.378455 0.025679
1 0.626839 0.951703 0.255294 0.025685