0 0.636318 0.197442 0.020000 0.020000
0 0.796318 0.196025 0.020000 0.020000
0 0.796318 0.156252 0.020000 0.020000
0 0.316318 0.036933 0.020000 0.020000
0 0.404594 0.041195 0.020000 0.020000
2 0.280459 0.092328 0.410118 0.090909
2 0.562756 0.066763 0.161841 0.042612
2 0.567353 0.112926 0.156318 0.046879
2 0.563676 0.154121 0.167353 0.026988
2 0.183909 0.151279 0.198618 0.024148
2 0.383447 0.151990 0.200459 0.022726
2 0.283218 0.191763 0.408271 0.048296
2 0.282300 0.229403 0.395400 0.029827
2 0.284138 0.257101 0.399076 0.025570
2 0.281379 0.287642 0.397241 0.035511
2 0.645512 0.267756 0.338388 0.083807