0 0.138603 0.163352 0.020000 0.020000
0 0.174758 0.166195 0.020000 0.020000
0 0.198863 0.169034 0.020000 0.020000
0 0.231004 0.164771 0.020000 0.020000
0 0.261137 0.167614 0.020000 0.020000
0 0.281221 0.166195 0.020000 0.020000
0 0.311354 0.164771 0.020000 0.020000
0 0.345502 0.166195 0.020000 0.020000
0 0.373622 0.167614 0.020000 0.020000
0 0.401747 0.164771 0.020000 0.020000
0 0.156681 0.254263 0.020000 0.020000
0 0.239039 0.252839 0.020000 0.020000
0 0.154674 0.335229 0.020000 0.020000
0 0.235024 0.338068 0.020000 0.020000
0 0.142618 0.382103 0.020000 0.020000
0 0.170744 0.382103 0.020000 0.020000
0 0.202884 0.379260 0.020000 0.020000
0 0.226989 0.379260 0.020000 0.020000
0 0.261137 0.380680 0.020000 0.020000
0 0.281221 0.380680 0.020000 0.020000
0 0.315369 0.377841 0.020000 0.020000
0 0.343495 0.382103 0.020000 0.020000
0 0.361572 0.379260 0.020000 0.020000
0 0.383670 0.380680 0.020000 0.020000
0 0.148646 0.450282 0.020000 0.020000
0 0.237031 0.450282 0.020000 0.020000
0 0.138603 0.494318 0.020000 0.020000
0 0.176771 0.492899 0.020000 0.020000
0 0.200871 0.495737 0.020000 0.020000
0 0.235024 0.497161 0.020000 0.020000
0 0.261137 0.497161 0.020000 0.020000
0 0.285242 0.498581 0.020000 0.020000
0 0.309347 0.498581 0.020000 0.020000
0 0.345502 0.497161 0.020000 0.020000
0 0.371614 0.495737 0.020000 0.020000
0 0.389692 0.495737 0.020000 0.020000
0 0.562443 0.583805 0.020000 0.020000
0 0.592576 0.589487 0.020000 0.020000
0 0.628730 0.588068 0.020000 0.020000
0 0.654849 0.588068 0.020000 0.020000
0 0.693011 0.592330 0.020000 0.020000
0 0.715109 0.589487 0.020000 0.020000
0 0.747249 0.593749 0.020000 0.020000
0 0.781397 0.593749 0.020000 0.020000
0 0.564456 0.333805 0.020000 0.020000
0 0.584541 0.332386 0.020000 0.020000
0 0.632751 0.330966 0.020000 0.020000
0 0.658863 0.332386 0.020000 0.020000
0 0.695024 0.335229 0.020000 0.020000
0 0.721137 0.333805 0.020000 0.020000
0 0.753277 0.335229 0.020000 0.020000
0 0.775369 0.335229 0.020000 0.020000
0 0.815544 0.335229 0.020000 0.020000
0 0.566463 0.284091 0.020000 0.020000
0 0.586548 0.286930 0.020000 0.020000
0 0.628730 0.288354 0.020000 0.020000
0 0.646814 0.288354 0.020000 0.020000
0 0.701046 0.288354 0.020000 0.020000
0 0.721137 0.289773 0.020000 0.020000
0 0.745242 0.291193 0.020000 0.020000
0 0.759299 0.288354 0.020000 0.020000
0 0.568470 0.240056 0.020000 0.020000
0 0.592576 0.240056 0.020000 0.020000
0 0.622709 0.240056 0.020000 0.020000
0 0.644800 0.241479 0.020000 0.020000
0 0.670919 0.238636 0.020000 0.020000
0 0.701046 0.240056 0.020000 0.020000
0 0.723144 0.240056 0.020000 0.020000
0 0.747249 0.241479 0.020000 0.020000
0 0.775369 0.240056 0.020000 0.020000
0 0.797467 0.240056 0.020000 0.020000
0 0.827600 0.238636 0.020000 0.020000
0 0.847684 0.238636 0.020000 0.020000
0 0.865762 0.238636 0.020000 0.020000
0 0.901923 0.242899 0.020000 0.020000
2 0.285239 0.784091 0.365593 0.036930
2 0.287246 0.872159 0.353537 0.079547
2 0.738207 0.160511 0.371614 0.079543
2 0.729172 0.422584 0.377642 0.038354
2 0.735196 0.528407 0.365593 0.039773
2 0.737204 0.648437 0.365593 0.021304