0 0.058824 0.883523 0.020000 0.020000
0 0.165441 0.882100 0.020000 0.020000
0 0.075365 0.463068 0.020000 0.020000
0 0.073529 0.491477 0.020000 0.020000
0 0.077206 0.531250 0.020000 0.020000
0 0.413600 0.463068 0.020000 0.020000
0 0.419118 0.494318 0.020000 0.020000
0 0.415441 0.532673 0.020000 0.020000
0 0.693012 0.497159 0.020000 0.020000
0 0.696694 0.463068 0.020000 0.020000
0 0.676471 0.417614 0.020000 0.020000
0 0.672794 0.386364 0.020000 0.020000
0 0.362129 0.419036 0.020000 0.020000
0 0.356618 0.387782 0.020000 0.020000
0 0.077206 0.387782 0.020000 0.020000
0 0.077206 0.419036 0.020000 0.020000
2 0.340071 0.158380 0.602941 0.041195
2 0.349265 0.221591 0.595588 0.079545
2 0.167282 0.305395 0.220588 0.028409
2 0.397979 0.306818 0.229782 0.031255
2 0.283088 0.335939 0.463235 0.026986
2 0.733456 0.284091 0.437500 0.048291
2 0.739888 0.326705 0.431988 0.042609
2 0.709559 0.597302 0.470588 0.072441
2 0.713235 0.674005 0.485294 0.072445
2 0.255518 0.599432 0.426471 0.076700
2 0.257353 0.674005 0.422800 0.072445
2 0.496324 0.758523 0.900741 0.096591
2 0.203126 0.926845 0.321688 0.055400
2 0.508274 0.926848 0.288606 0.061077
2 0.799632 0.927559 0.305147 0.062500