0 0.628676 0.265627 0.020000 0.020000
0 0.783088 0.265627 0.020000 0.020000
0 0.759188 0.357955 0.020000 0.020000
0 0.829047 0.369318 0.020000 0.020000
0 0.191176 0.536932 0.020000 0.020000
0 0.027576 0.531250 0.020000 0.020000
0 0.746324 0.536932 0.020000 0.020000
0 0.814341 0.541191 0.020000 0.020000
0 0.036765 0.647727 0.020000 0.020000
0 0.038600 0.667614 0.020000 0.020000
2 0.395221 0.187500 0.724265 0.022727
2 0.853859 0.186791 0.193012 0.024145
2 0.326288 0.284800 0.582718 0.169036
2 0.134188 0.393468 0.220588 0.039773
2 0.857538 0.060368 0.193018 0.026991
2 0.403494 0.394175 0.306988 0.046877
2 0.759188 0.392755 0.397059 0.046873
2 0.851103 0.431109 0.209559 0.044036
2 0.651656 0.435368 0.189335 0.038355
2 0.485294 0.435368 0.143388 0.041191
2 0.220588 0.435368 0.386024 0.041191
2 0.413603 0.475141 0.761029 0.038355
2 0.869485 0.478691 0.158088 0.045455
2 0.494485 0.529827 0.261029 0.034091
2 0.491726 0.561791 0.920959 0.032673
2 0.871324 0.602982 0.158082 0.046873
2 0.409006 0.605114 0.759188 0.045455
2 0.405332 0.738636 0.759194 0.034091
2 0.866729 0.736505 0.163600 0.038355
2 0.791362 0.292614 0.325371 0.039773
2 0.786765 0.333807 0.327200 0.042614
2 0.784006 0.223014 0.332718 0.039773
2 0.168197 0.791902 0.270218 0.035514
2 0.431985 0.795455 0.261029 0.036927
2 0.754597 0.794036 0.384194 0.034091
2 0.488971 0.850143 0.915447 0.078123
2 0.090994 0.933236 0.123165 0.056818
2 0.207724 0.929686 0.095588 0.063918
2 0.311582 0.930395 0.112129 0.062500
2 0.412682 0.933948 0.090071 0.055395
2 0.584559 0.917614 0.113965 0.034091
2 0.585476 0.951705 0.108459 0.034091
2 0.729782 0.918323 0.139706 0.029827
2 0.728859 0.948152 0.134188 0.029832
2 0.874079 0.940341 0.152571 0.045455