0 0.066176 0.153409 0.020000 0.020000
0 0.272059 0.150568 0.020000 0.020000
0 0.501835 0.151991 0.020000 0.020000
0 0.781247 0.396309 0.020000 0.020000
0 0.783088 0.419036 0.020000 0.020000
0 0.783088 0.444600 0.020000 0.020000
0 0.781247 0.467327 0.020000 0.020000
0 0.783088 0.488636 0.020000 0.020000
0 0.777576 0.512782 0.020000 0.020000
0 0.783088 0.535509 0.020000 0.020000
0 0.786765 0.555400 0.020000 0.020000
0 0.783088 0.582386 0.020000 0.020000
0 0.779412 0.598009 0.020000 0.020000
0 0.784929 0.622159 0.020000 0.020000
0 0.779412 0.644886 0.020000 0.020000
0 0.784929 0.669036 0.020000 0.020000
0 0.779412 0.688918 0.020000 0.020000
0 0.786765 0.713068 0.020000 0.020000
0 0.878676 0.711645 0.020000 0.020000
0 0.876835 0.694600 0.020000 0.020000
0 0.875000 0.667614 0.020000 0.020000
0 0.880518 0.646309 0.020000 0.020000
0 0.871324 0.625000 0.020000 0.020000
0 0.873165 0.598009 0.020000 0.020000
0 0.876835 0.578127 0.020000 0.020000
0 0.876835 0.556818 0.020000 0.020000
0 0.875000 0.531250 0.020000 0.020000
0 0.876835 0.511364 0.020000 0.020000
0 0.875000 0.491477 0.020000 0.020000
0 0.875000 0.471591 0.020000 0.020000
0 0.876835 0.441764 0.020000 0.020000
0 0.876835 0.421873 0.020000 0.020000
0 0.878676 0.399145 0.020000 0.020000
2 0.434744 0.812500 0.784924 0.042618
2 0.897979 0.809659 0.141547 0.048300
2 0.898900 0.857245 0.139706 0.055400
2 0.897059 0.909802 0.136024 0.049714
2 0.436582 0.910509 0.784929 0.045455
2 0.438421 0.860795 0.795959 0.051136
2 0.267465 0.193893 0.465071 0.041195
2 0.729779 0.192473 0.459559 0.044036
2 0.821694 0.243609 0.279412 0.055400
2 0.519303 0.242189 0.325371 0.058241
2 0.196688 0.243607 0.316176 0.061077
2 0.196688 0.302555 0.316176 0.056818
2 0.515624 0.301845 0.321694 0.058236
2 0.818935 0.305398 0.284929 0.065341
2 0.250918 0.399145 0.424635 0.022727
2 0.253676 0.421164 0.419118 0.024145
2 0.251838 0.445311 0.422794 0.024150
2 0.253676 0.467330 0.415447 0.019886
2 0.252756 0.488636 0.413606 0.022727
2 0.250000 0.511364 0.419118 0.022727
2 0.250000 0.534091 0.426471 0.028409
2 0.254594 0.556107 0.417282 0.015623
2 0.256432 0.574573 0.420959 0.021309
2 0.255512 0.598723 0.419118 0.026991
2 0.250918 0.622870 0.413600 0.021305
2 0.247241 0.644886 0.420953 0.022727
2 0.250000 0.666902 0.426471 0.021305
2 0.249079 0.690341 0.420959 0.025573
2 0.246324 0.711648 0.422788 0.019886
2 0.613971 0.711648 0.312506 0.019886
2 0.619485 0.689632 0.297794 0.026991
2 0.622241 0.665482 0.303306 0.021309
2 0.609376 0.644177 0.306988 0.026991
2 0.613971 0.621450 0.305141 0.026991
2 0.614888 0.598011 0.303306 0.019886
2 0.618565 0.577416 0.310659 0.021305
2 0.618565 0.556109 0.310659 0.021309
2 0.617647 0.534800 0.308824 0.021309
2 0.615809 0.511364 0.312500 0.025564
2 0.617647 0.490059 0.316176 0.017045
2 0.620403 0.470882 0.306982 0.021309
2 0.616729 0.444605 0.292282 0.028409
2 0.614888 0.421877 0.299635 0.017045
2 0.615806 0.399150 0.301471 0.028409