1 0.270339 0.269175 0.247126 0.021419
1 0.601981 0.406960 0.568717 0.021419
1 0.578866 0.429688 0.618966 0.024258
1 0.579870 0.453123 0.641071 0.025682
1 0.463294 0.478692 0.343600 0.020000
1 0.829102 0.478694 0.178784 0.022843
1 0.613034 0.502839 0.606903 0.020000
1 0.581881 0.526988 0.677253 0.022843
1 0.460278 0.549006 0.337568 0.021424
1 0.818046 0.553978 0.184815 0.022843
1 0.782877 0.590199 0.243103 0.024263
1 0.788905 0.636364 0.214967 0.028521
1 0.373851 0.737926 0.220998 0.027106
1 0.791921 0.769175 0.229032 0.021419
1 0.812021 0.832386 0.148639 0.028525
1 0.833125 0.857954 0.142607 0.022843