2 0.262867 0.248579 0.444855 0.042612
2 0.725184 0.253552 0.483451 0.032667
2 0.855698 0.338779 0.218753 0.029824
2 0.556984 0.340197 0.378675 0.026988
2 0.204043 0.341618 0.327208 0.032667
2 0.259192 0.419745 0.441176 0.035515
2 0.261027 0.456679 0.441176 0.038352
2 0.262867 0.495030 0.444855 0.038352
2 0.431984 0.528409 0.106620 0.028406
2 0.347424 0.528409 0.062502 0.028406
2 0.176471 0.532670 0.279404 0.036927
2 0.209561 0.621448 0.334557 0.035515
2 0.562502 0.622161 0.371325 0.034091
2 0.857537 0.624291 0.218745 0.038352
2 0.721506 0.419745 0.479780 0.038352
2 0.722427 0.456676 0.477937 0.035509
2 0.723345 0.490767 0.479773 0.035509
2 0.897980 0.529827 0.134188 0.042612
2 0.797796 0.529827 0.066180 0.042612
2 0.626839 0.527697 0.275733 0.038352
2 0.256431 0.700994 0.450369 0.038352
2 0.257353 0.738636 0.448525 0.034097
2 0.259192 0.774861 0.448533 0.038352
2 0.426471 0.811079 0.095592 0.039770
2 0.342831 0.811788 0.071686 0.038352
2 0.168200 0.809658 0.277576 0.034091
2 0.627757 0.814630 0.277569 0.041188
2 0.795953 0.812500 0.058824 0.034091
2 0.894298 0.811079 0.137867 0.036933
2 0.725180 0.774858 0.476102 0.035509
2 0.723345 0.739345 0.472431 0.035515
2 0.725184 0.703833 0.468753 0.035509
2 0.209561 0.903409 0.323529 0.039776
2 0.557906 0.904121 0.373161 0.038352
2 0.858455 0.903409 0.227937 0.036927