0 0.211400 0.345173 0.020000 0.020000
0 0.279412 0.340909 0.020000 0.020000
0 0.512871 0.340909 0.020000 0.020000
0 0.593753 0.342327 0.020000 0.020000
0 0.823529 0.342327 0.020000 0.020000
0 0.904412 0.340909 0.020000 0.020000
0 0.759188 0.289773 0.020000 0.020000
0 0.832718 0.213068 0.020000 0.020000
0 0.926471 0.218750 0.020000 0.020000
0 0.845588 0.426136 0.020000 0.020000
0 0.919118 0.428977 0.020000 0.020000
0 0.439341 0.428977 0.020000 0.020000
0 0.345588 0.431818 0.020000 0.020000
0 0.639706 0.448864 0.020000 0.020000
0 0.715071 0.451705 0.020000 0.020000
0 0.056988 0.622159 0.020000 0.020000
0 0.266541 0.595173 0.020000 0.020000
0 0.420953 0.595173 0.020000 0.020000
0 0.341912 0.596591 0.020000 0.020000
0 0.409929 0.555400 0.020000 0.020000
0 0.474265 0.556818 0.020000 0.020000
0 0.715071 0.578127 0.020000 0.020000
0 0.805147 0.579545 0.020000 0.020000
0 0.880518 0.558236 0.020000 0.020000
0 0.948529 0.555400 0.020000 0.020000
0 0.397059 0.620736 0.020000 0.020000
0 0.354776 0.781250 0.020000 0.020000
0 0.413600 0.741477 0.020000 0.020000
0 0.481618 0.742900 0.020000 0.020000
0 0.876835 0.745736 0.020000 0.020000
0 0.939341 0.744318 0.020000 0.020000
0 0.827206 0.764205 0.020000 0.020000
0 0.726106 0.762782 0.020000 0.020000
0 0.693012 0.599432 0.020000 0.020000
0 0.707718 0.785509 0.020000 0.020000
0 0.426471 0.781250 0.020000 0.020000
0 0.275735 0.785509 0.020000 0.020000
0 0.060659 0.806818 0.020000 0.020000
0 0.400735 0.808236 0.020000 0.020000
2 0.311579 0.620030 0.056982 0.018468
2 0.312500 0.806107 0.051471 0.018468
2 0.508274 0.948864 0.494488 0.025564
2 0.880512 0.943182 0.139706 0.022727
2 0.555147 0.841618 0.786765 0.035509
2 0.574450 0.718750 0.167276 0.031245
2 0.253676 0.720168 0.183824 0.028409
2 0.605700 0.693891 0.700365 0.021309
2 0.549629 0.652700 0.801471 0.035509
2 0.259188 0.534802 0.176471 0.026986
2 0.573529 0.534800 0.165435 0.021309
2 0.611212 0.506393 0.693012 0.026986
2 0.202206 0.401277 0.297800 0.026991
2 0.501841 0.401277 0.301471 0.026991
2 0.804229 0.402698 0.303306 0.029832
2 0.862129 0.360795 0.161765 0.025573
2 0.565259 0.365057 0.174635 0.025568
2 0.261029 0.364345 0.176471 0.024145
2 0.271138 0.177559 0.446688 0.028409
2 0.709559 0.176136 0.437494 0.031255
2 0.941176 0.174714 0.025741 0.028409
2 0.402574 0.220173 0.709559 0.022727
2 0.298715 0.254259 0.516547 0.028409
2 0.591912 0.256391 0.069847 0.024145
2 0.794118 0.255682 0.330882 0.022727
2 0.573529 0.297586 0.352941 0.029827
2 0.223347 0.299005 0.347424 0.026991