0 0.068012 0.394886 0.020000 0.020000
0 0.121324 0.394886 0.020000 0.020000
0 0.062500 0.426136 0.020000 0.020000
0 0.134188 0.427555 0.020000 0.020000
0 0.071694 0.505682 0.020000 0.020000
0 0.137871 0.505682 0.020000 0.020000
0 0.211400 0.508523 0.020000 0.020000
0 0.068012 0.553977 0.020000 0.020000
0 0.132353 0.552555 0.020000 0.020000
0 0.069853 0.598009 0.020000 0.020000
0 0.126835 0.599432 0.020000 0.020000
0 0.084559 0.627841 0.020000 0.020000
0 0.088235 0.653409 0.020000 0.020000
0 0.091912 0.678977 0.020000 0.020000
0 0.090071 0.688918 0.020000 0.020000
0 0.090071 0.718750 0.020000 0.020000
0 0.086400 0.740055 0.020000 0.020000
0 0.062500 0.835227 0.020000 0.020000
0 0.128676 0.828127 0.020000 0.020000
0 0.091912 0.917614 0.020000 0.020000
0 0.126835 0.877841 0.020000 0.020000
0 0.132353 0.900568 0.020000 0.020000
2 0.502759 0.210936 0.902576 0.316764