0 0.306988 0.339491 0.020000 0.020000
0 0.373161 0.342327 0.020000 0.020000
1 0.373161 0.684658 0.082494 0.022842
1 0.195773 0.473721 0.205663 0.021418
1 0.341914 0.472300 0.060439 0.021424
1 0.828125 0.450282 0.257129 0.022842
1 0.545035 0.686791 0.209333 0.021424
1 0.682902 0.680400 0.051247 0.020000
1 0.806067 0.680400 0.168902 0.020000
1 0.222427 0.733667 0.251616 0.021418
1 0.347427 0.786221 0.608235 0.021424
1 0.864890 0.784091 0.139490 0.020000
2 0.242647 0.187500 0.397059 0.031255
2 0.640624 0.186791 0.395224 0.032673
2 0.897059 0.187500 0.117647 0.034091
2 0.897059 0.222300 0.117647 0.035509
2 0.772059 0.222300 0.132353 0.035509
2 0.574447 0.220882 0.262871 0.032673
2 0.242647 0.222303 0.408086 0.038352
2 0.125922 0.309661 0.167278 0.031248
2 0.294118 0.310370 0.169114 0.029830
2 0.462318 0.311791 0.159929 0.032673
2 0.750000 0.309658 0.411765 0.034091
2 0.887867 0.341621 0.139702 0.035509
2 0.748161 0.342330 0.136024 0.034091
2 0.613051 0.339488 0.134196 0.028406
2 0.496325 0.509942 0.908086 0.028406
2 0.494486 0.537639 0.904408 0.026988
2 0.499082 0.574573 0.909929 0.041194