0 0.064341 0.362218 0.020000 0.020000
0 0.145224 0.365055 0.020000 0.020000
0 0.060659 0.534091 0.020000 0.020000
0 0.139706 0.531250 0.020000 0.020000
0 0.288600 0.866477 0.020000 0.020000
0 0.365812 0.869318 0.020000 0.020000
0 0.365812 0.892045 0.020000 0.020000
0 0.299635 0.889205 0.020000 0.020000
0 0.238971 0.832386 0.020000 0.020000
0 0.185659 0.832386 0.020000 0.020000
0 0.215071 0.774145 0.020000 0.020000
0 0.259188 0.781250 0.020000 0.020000
0 0.231618 0.730114 0.020000 0.020000
0 0.286765 0.728691 0.020000 0.020000
0 0.071694 0.201705 0.020000 0.020000
0 0.097424 0.210227 0.020000 0.020000
0 0.128676 0.205964 0.020000 0.020000
0 0.169118 0.207386 0.020000 0.020000
0 0.204047 0.205964 0.020000 0.020000
0 0.264706 0.210227 0.020000 0.020000
0 0.294118 0.208809 0.020000 0.020000
0 0.323529 0.205964 0.020000 0.020000
0 0.340071 0.204545 0.020000 0.020000
0 0.415441 0.154827 0.020000 0.020000
0 0.930147 0.153409 0.020000 0.020000
0 0.902576 0.153409 0.020000 0.020000
0 0.871324 0.153409 0.020000 0.020000
0 0.847424 0.154827 0.020000 0.020000
0 0.821694 0.154827 0.020000 0.020000
0 0.792282 0.151991 0.020000 0.020000
0 0.764706 0.151991 0.020000 0.020000
0 0.726106 0.151991 0.020000 0.020000
0 0.705882 0.154827 0.020000 0.020000
0 0.681988 0.153409 0.020000 0.020000
0 0.656247 0.151991 0.020000 0.020000
0 0.615812 0.154827 0.020000 0.020000
0 0.602941 0.151991 0.020000 0.020000
0 0.575365 0.151991 0.020000 0.020000
0 0.544118 0.154827 0.020000 0.020000
0 0.523894 0.156250 0.020000 0.020000
0 0.494482 0.156250 0.020000 0.020000
0 0.465071 0.153409 0.020000 0.020000
0 0.378676 0.151991 0.020000 0.020000
0 0.358459 0.156250 0.020000 0.020000
0 0.323529 0.150568 0.020000 0.020000
0 0.297794 0.151991 0.020000 0.020000
0 0.275735 0.154827 0.020000 0.020000
0 0.240812 0.156250 0.020000 0.020000
0 0.216912 0.154827 0.020000 0.020000
0 0.180147 0.154827 0.020000 0.020000
0 0.152576 0.156250 0.020000 0.020000
0 0.123165 0.156250 0.020000 0.020000
0 0.099265 0.157673 0.020000 0.020000
0 0.069853 0.156250 0.020000 0.020000
2 0.258271 0.404118 0.413600 0.024145
2 0.575365 0.405539 0.220588 0.021305
2 0.821694 0.406250 0.264706 0.022727
2 0.819853 0.427557 0.268388 0.019886
2 0.577206 0.428268 0.220588 0.018464
2 0.259188 0.428268 0.411765 0.018464
2 0.255512 0.448864 0.404412 0.022727
2 0.571688 0.449573 0.227941 0.021309
2 0.811579 0.453123 0.251841 0.028409
2 0.491726 0.482243 0.891547 0.029832
2 0.356618 0.621448 0.080882 0.035514
2 0.357535 0.654830 0.082718 0.031250
2 0.360294 0.681818 0.084565 0.022727
2 0.361215 0.715909 0.079041 0.042618
2 0.356618 0.762786 0.069847 0.051136
2 0.360294 0.815341 0.069859 0.053973
2 0.441176 0.767045 0.073529 0.051136
2 0.441176 0.719459 0.073529 0.049718
2 0.440259 0.682527 0.071694 0.024145
2 0.438418 0.652700 0.079047 0.032673
2 0.442094 0.622159 0.086400 0.028409
2 0.441176 0.811077 0.080882 0.051136
2 0.638788 0.811789 0.321694 0.049714
2 0.639706 0.763493 0.319859 0.046877
2 0.638788 0.720170 0.310659 0.042614
2 0.639706 0.682530 0.308824 0.029832
2 0.636947 0.654120 0.303306 0.026986
2 0.638788 0.623582 0.306988 0.034091
2 0.870403 0.620739 0.159924 0.031250
2 0.866726 0.653409 0.167276 0.031255
2 0.872241 0.681818 0.170953 0.028409
2 0.876835 0.722300 0.161765 0.044036
2 0.870403 0.764205 0.148900 0.039773
2 0.871324 0.813209 0.147059 0.058236
2 0.493568 0.558241 0.902571 0.028409