0 0.104776 0.480114 0.020000 0.020000
0 0.110294 0.498582 0.020000 0.020000
0 0.494482 0.480114 0.020000 0.020000
0 0.498165 0.498582 0.020000 0.020000
0 0.586400 0.538355 0.020000 0.020000
0 0.654412 0.541191 0.020000 0.020000
0 0.733459 0.615055 0.020000 0.020000
0 0.792282 0.612218 0.020000 0.020000
0 0.220588 0.643464 0.020000 0.020000
0 0.275735 0.643464 0.020000 0.020000
0 0.415441 0.643464 0.020000 0.020000
0 0.465071 0.642045 0.020000 0.020000
0 0.305147 0.666191 0.020000 0.020000
0 0.242647 0.663355 0.020000 0.020000
0 0.123165 0.627841 0.020000 0.020000
0 0.073529 0.627841 0.020000 0.020000
0 0.073529 0.639205 0.020000 0.020000
0 0.812500 0.257100 0.020000 0.020000
0 0.862129 0.258523 0.020000 0.020000
2 0.212318 0.848720 0.295953 0.035514
2 0.439338 0.849432 0.158088 0.034091
2 0.727941 0.779832 0.426471 0.176136
2 0.726103 0.658382 0.415441 0.058236
2 0.443015 0.928268 0.731618 0.029827
2 0.871324 0.925427 0.125000 0.035509
2 0.291359 0.758523 0.435659 0.144882
2 0.126838 0.583095 0.121324 0.026991
2 0.259191 0.583095 0.143382 0.026991
2 0.472426 0.583805 0.283088 0.028409
2 0.681985 0.585227 0.150735 0.025564
2 0.846506 0.588068 0.178306 0.031245
2 0.112129 0.536932 0.088235 0.022727
2 0.369485 0.540482 0.422794 0.021309
2 0.168197 0.462359 0.215076 0.026991
2 0.385109 0.462359 0.218747 0.026991
2 0.602941 0.460227 0.216918 0.022727
2 0.811579 0.458095 0.204041 0.026991
2 0.295956 0.376423 0.452206 0.096591
2 0.726103 0.415484 0.408088 0.018468
2 0.725185 0.368609 0.395218 0.078127
2 0.584559 0.312500 0.389706 0.028409
2 0.854779 0.310370 0.150735 0.032668
2 0.228862 0.304689 0.318018 0.035514
2 0.150735 0.267045 0.161765 0.034091
2 0.493565 0.234375 0.854776 0.025568
2 0.588235 0.155541 0.080882 0.015627
2 0.687500 0.160511 0.117647 0.008523
2 0.838235 0.160511 0.183824 0.008523
2 0.840074 0.178266 0.187500 0.024150
2 0.646138 0.181818 0.200371 0.017045
2 0.637868 0.200993 0.194853 0.021305
2 0.836394 0.203125 0.198529 0.019886