0 0.670919 0.031248 0.020000 0.020000
0 0.711088 0.036930 0.020000 0.020000
0 0.745242 0.032672 0.020000 0.020000
0 0.791439 0.035511 0.020000 0.020000
0 0.825586 0.034091 0.020000 0.020000
0 0.861747 0.034091 0.020000 0.020000
0 0.897902 0.031248 0.020000 0.020000
0 0.098428 0.221590 0.020000 0.020000
0 0.110478 0.255682 0.020000 0.020000
0 0.112491 0.291193 0.020000 0.020000
0 0.102443 0.308239 0.020000 0.020000
0 0.102443 0.431817 0.020000 0.020000
0 0.114498 0.455964 0.020000 0.020000
0 0.106463 0.490056 0.020000 0.020000
0 0.108470 0.548294 0.020000 0.020000
0 0.108470 0.569602 0.020000 0.020000
0 0.106463 0.588068 0.020000 0.020000
0 0.102443 0.697443 0.020000 0.020000
0 0.110478 0.724434 0.020000 0.020000
0 0.100435 0.774147 0.020000 0.020000
0 0.347509 0.829547 0.020000 0.020000
0 0.588561 0.836648 0.020000 0.020000
1 0.456986 0.752129 0.130478 0.021419
1 0.316372 0.280541 0.118428 0.024263