0 0.308824 0.032673 0.020000 0.020000
0 0.327206 0.038355 0.020000 0.020000
0 0.354776 0.038355 0.020000 0.020000
0 0.424635 0.036932 0.020000 0.020000
0 0.452206 0.035509 0.020000 0.020000
0 0.505518 0.032673 0.020000 0.020000
0 0.529412 0.035509 0.020000 0.020000
0 0.566176 0.036932 0.020000 0.020000
0 0.582718 0.035509 0.020000 0.020000
0 0.064341 0.102273 0.020000 0.020000
0 0.137871 0.099432 0.020000 0.020000
0 0.066176 0.228691 0.020000 0.020000
0 0.141541 0.230114 0.020000 0.020000
0 0.064341 0.345173 0.020000 0.020000
0 0.136029 0.343750 0.020000 0.020000
1 0.600185 0.708098 0.371100 0.021423
2 0.500000 0.115055 0.900729 0.102273
2 0.500000 0.259943 0.889706 0.093750
2 0.498162 0.371448 0.900735 0.100850
2 0.499082 0.482955 0.895224 0.088073
2 0.223347 0.584516 0.358459 0.038350
2 0.589156 0.585227 0.373159 0.034091
2 0.861215 0.585227 0.170959 0.034091
2 0.788606 0.627841 0.316176 0.051136
2 0.476103 0.628550 0.305147 0.049718
2 0.183824 0.629970 0.279412 0.052559