0 0.102443 0.150569 0.020000 0.020000
0 0.108470 0.174716 0.020000 0.020000
0 0.106463 0.218752 0.020000 0.020000
0 0.674933 0.029829 0.020000 0.020000
0 0.711088 0.034091 0.020000 0.020000
0 0.745242 0.032672 0.020000 0.020000
0 0.789432 0.036930 0.020000 0.020000
0 0.837642 0.039773 0.020000 0.020000
0 0.867775 0.041193 0.020000 0.020000
0 0.936070 0.046875 0.020000 0.020000
0 0.104456 0.546875 0.020000 0.020000
0 0.484105 0.548294 0.020000 0.020000
0 0.116505 0.374998 0.020000 0.020000
0 0.110478 0.394887 0.020000 0.020000
0 0.118513 0.413352 0.020000 0.020000
0 0.116505 0.441761 0.020000 0.020000
0 0.319389 0.377841 0.020000 0.020000
0 0.317382 0.401988 0.020000 0.020000
0 0.439915 0.377841 0.020000 0.020000
0 0.427860 0.397726 0.020000 0.020000
0 0.554407 0.380680 0.020000 0.020000
0 0.552400 0.397726 0.020000 0.020000
0 0.664891 0.374998 0.020000 0.020000
0 0.678954 0.400569 0.020000 0.020000
1 0.463014 0.205254 0.126463 0.021419
2 0.193842 0.679686 0.198869 0.029829
2 0.194846 0.708807 0.192836 0.025566
2 0.194849 0.732954 0.196856 0.022728
2 0.192839 0.761364 0.200877 0.025566
2 0.193842 0.788352 0.202884 0.028410
2 0.194849 0.816052 0.196856 0.026990
2 0.604628 0.817473 0.638773 0.024147
2 0.611657 0.788354 0.624716 0.034091
2 0.610653 0.761364 0.642793 0.025566
2 0.611660 0.735086 0.636765 0.026990
2 0.612663 0.708095 0.638773 0.026990
2 0.603625 0.678978 0.628736 0.036930