0 0.466912 0.846591 0.020000 0.020000
0 0.470588 0.879264 0.020000 0.020000
0 0.547794 0.876418 0.020000 0.020000
0 0.551471 0.843750 0.020000 0.020000
0 0.608459 0.846591 0.020000 0.020000
0 0.623165 0.873582 0.020000 0.020000
0 0.376835 0.404827 0.020000 0.020000
0 0.384188 0.379264 0.020000 0.020000
0 0.382353 0.356536 0.020000 0.020000
0 0.512871 0.356536 0.020000 0.020000
0 0.516541 0.379264 0.020000 0.020000
0 0.636029 0.357955 0.020000 0.020000
0 0.636029 0.377841 0.020000 0.020000
0 0.641541 0.400568 0.020000 0.020000
0 0.753676 0.360795 0.020000 0.020000
0 0.751835 0.386364 0.020000 0.020000
0 0.729776 0.244318 0.020000 0.020000
0 0.801471 0.245736 0.020000 0.020000
2 0.204962 0.152700 0.215076 0.024145
2 0.427388 0.151989 0.189341 0.031250
2 0.561579 0.155539 0.031253 0.024150
2 0.705882 0.157668 0.172800 0.028409
2 0.892465 0.209518 0.112129 0.032673
2 0.625000 0.208098 0.220588 0.024150
2 0.276653 0.204545 0.387871 0.019891
2 0.187500 0.251423 0.169118 0.028409
2 0.372241 0.252130 0.167282 0.021305
2 0.602941 0.284800 0.683824 0.021309
2 0.602941 0.324573 0.683824 0.032673
2 0.266544 0.488636 0.334559 0.048291
2 0.558824 0.483666 0.158094 0.038350
2 0.735294 0.480825 0.143388 0.035514
2 0.898897 0.480823 0.128676 0.026991
2 0.272976 0.543323 0.351106 0.026991
2 0.559741 0.538352 0.163600 0.036932
2 0.735294 0.539061 0.139706 0.038350
2 0.906253 0.547586 0.139706 0.041191
2 0.270221 0.588780 0.349265 0.032668
2 0.556068 0.594459 0.145218 0.041191
2 0.734374 0.597302 0.152571 0.026986
2 0.920956 0.602273 0.143382 0.042618
2 0.294118 0.668325 0.386024 0.032668
2 0.648900 0.671166 0.272059 0.026986
2 0.868565 0.661932 0.104776 0.025573
2 0.296876 0.708805 0.376835 0.028409
2 0.658088 0.713068 0.279412 0.022727
2 0.874079 0.711650 0.082724 0.028409
2 0.291362 0.742898 0.365806 0.031250
2 0.671874 0.752130 0.266547 0.032668
2 0.886029 0.747870 0.073529 0.024150
2 0.600182 0.794032 0.667282 0.028409