0 0.080306 0.678979 0.020000 0.020000
0 0.084319 0.694601 0.020000 0.020000
0 0.084319 0.710228 0.020000 0.020000
0 0.080306 0.725849 0.020000 0.020000
0 0.078300 0.738637 0.020000 0.020000
0 0.082313 0.751420 0.020000 0.020000
0 0.082313 0.764202 0.020000 0.020000
0 0.078300 0.782668 0.020000 0.020000
0 0.526003 0.676135 0.020000 0.020000
0 0.521982 0.694601 0.020000 0.020000
0 0.519976 0.711648 0.020000 0.020000
0 0.521982 0.723010 0.020000 0.020000
0 0.521982 0.735798 0.020000 0.020000
0 0.519976 0.751420 0.020000 0.020000
0 0.526003 0.762782 0.020000 0.020000
0 0.526003 0.775570 0.020000 0.020000
0 0.457744 0.836648 0.020000 0.020000
0 0.471797 0.839487 0.020000 0.020000
0 0.499903 0.835228 0.020000 0.020000
0 0.112425 0.924715 0.020000 0.020000
0 0.132506 0.926135 0.020000 0.020000
0 0.154585 0.927554 0.020000 0.020000
0 0.184706 0.928979 0.020000 0.020000
0 0.210806 0.926135 0.020000 0.020000
0 0.230878 0.931819 0.020000 0.020000
0 0.738807 0.836648 0.020000 0.020000
0 0.776954 0.842332 0.020000 0.020000
0 0.877341 0.839487 0.020000 0.020000
0 0.265012 0.333808 0.020000 0.020000
0 0.323231 0.330964 0.020000 0.020000
0 0.391491 0.332389 0.020000 0.020000
0 0.473803 0.329544 0.020000 0.020000
0 0.431644 0.292611 0.020000 0.020000
0 0.493876 0.294036 0.020000 0.020000
0 0.592256 0.294036 0.020000 0.020000
0 0.610322 0.295456 0.020000 0.020000
0 0.678582 0.291192 0.020000 0.020000
0 0.704682 0.294036 0.020000 0.020000
0 0.582216 0.171876 0.020000 0.020000
0 0.690629 0.171876 0.020000 0.020000
0 0.825141 0.292611 0.020000 0.020000
0 0.843207 0.294036 0.020000 0.020000
0 0.859267 0.295456 0.020000 0.020000
0 0.877341 0.295456 0.020000 0.020000
0 0.889380 0.294036 0.020000 0.020000
0 0.907454 0.296876 0.020000 0.020000
0 0.889380 0.306819 0.020000 0.020000
0 0.871313 0.308238 0.020000 0.020000
0 0.851241 0.309658 0.020000 0.020000
0 0.829154 0.306819 0.020000 0.020000
0 0.720741 0.309658 0.020000 0.020000
0 0.702675 0.312497 0.020000 0.020000
0 0.688622 0.309658 0.020000 0.020000
0 0.666535 0.311078 0.020000 0.020000
0 0.652482 0.311078 0.020000 0.020000
0 0.622369 0.311078 0.020000 0.020000
0 0.451716 0.312497 0.020000 0.020000
0 0.441676 0.311078 0.020000 0.020000
0 0.417591 0.312497 0.020000 0.020000
0 0.409557 0.309658 0.020000 0.020000
0 0.291104 0.312497 0.020000 0.020000
0 0.275044 0.309658 0.020000 0.020000
0 0.248944 0.313922 0.020000 0.020000
0 0.236898 0.311078 0.020000 0.020000
0 0.216825 0.313922 0.020000 0.020000
0 0.198759 0.312497 0.020000 0.020000
0 0.351338 0.350849 0.020000 0.020000
0 0.523997 0.348010 0.020000 0.020000
0 0.608316 0.353694 0.020000 0.020000
0 0.672554 0.333808 0.020000 0.020000
0 0.686616 0.328124 0.020000 0.020000
0 0.708695 0.330964 0.020000 0.020000
0 0.724754 0.332389 0.020000 0.020000
0 0.744835 0.332389 0.020000 0.020000
0 0.770935 0.330964 0.020000 0.020000
0 0.875326 0.329544 0.020000 0.020000
0 0.895407 0.329544 0.020000 0.020000
0 0.915479 0.329544 0.020000 0.020000
0 0.919500 0.348010 0.020000 0.020000
0 0.897413 0.349430 0.020000 0.020000
0 0.877341 0.349430 0.020000 0.020000
0 0.861273 0.352275 0.020000 0.020000
0 0.851241 0.349430 0.020000 0.020000
0 0.837188 0.349430 0.020000 0.020000
0 0.813094 0.349430 0.020000 0.020000
0 0.722748 0.406249 0.020000 0.020000
0 0.694641 0.407668 0.020000 0.020000
0 0.654488 0.404829 0.020000 0.020000
0 0.670548 0.407668 0.020000 0.020000
0 0.650475 0.443181 0.020000 0.020000
0 0.672554 0.443181 0.020000 0.020000
0 0.692635 0.448865 0.020000 0.020000
0 0.714722 0.447446 0.020000 0.020000
0 0.712707 0.478694 0.020000 0.020000
0 0.698654 0.487218 0.020000 0.020000
0 0.684601 0.480114 0.020000 0.020000
0 0.654488 0.480114 0.020000 0.020000
0 0.309178 0.517047 0.020000 0.020000
0 0.277051 0.517047 0.020000 0.020000
0 0.262998 0.518466 0.020000 0.020000
0 0.240919 0.522725 0.020000 0.020000
0 0.240919 0.480114 0.020000 0.020000
0 0.267019 0.477275 0.020000 0.020000
0 0.281072 0.480114 0.020000 0.020000
0 0.311185 0.481534 0.020000 0.020000
0 0.313191 0.446021 0.020000 0.020000
0 0.291104 0.444601 0.020000 0.020000
0 0.256978 0.443181 0.020000 0.020000
0 0.230878 0.443181 0.020000 0.020000
0 0.248944 0.411933 0.020000 0.020000
0 0.267019 0.411933 0.020000 0.020000
0 0.287091 0.409094 0.020000 0.020000
0 0.321225 0.410513 0.020000 0.020000
0 0.307172 0.559658 0.020000 0.020000
0 0.262998 0.565342 0.020000 0.020000
0 0.262998 0.595171 0.020000 0.020000
0 0.305157 0.595171 0.020000 0.020000
0 0.230878 0.634943 0.020000 0.020000
0 0.267019 0.636363 0.020000 0.020000
0 0.505923 0.596591 0.020000 0.020000
0 0.582216 0.616477 0.020000 0.020000
0 0.660516 0.596591 0.020000 0.020000
0 0.622369 0.613637 0.020000 0.020000
0 0.879347 0.616477 0.020000 0.020000
0 0.915479 0.619316 0.020000 0.020000
0 0.921507 0.603694 0.020000 0.020000
0 0.602288 0.558238 0.020000 0.020000
0 0.616342 0.559658 0.020000 0.020000
0 0.630395 0.559658 0.020000 0.020000
0 0.646463 0.559658 0.020000 0.020000
0 0.666535 0.559658 0.020000 0.020000
0 0.686616 0.559658 0.020000 0.020000
0 0.706688 0.561078 0.020000 0.020000
0 0.722748 0.559658 0.020000 0.020000
0 0.742828 0.558238 0.020000 0.020000
0 0.750854 0.558238 0.020000 0.020000
0 0.760894 0.559658 0.020000 0.020000
0 0.789001 0.559658 0.020000 0.020000
0 0.919500 0.835228 0.020000 0.020000
1 0.181692 0.941762 0.150492 0.022839
1 0.539053 0.855114 0.809001 0.022839
1 0.879347 0.829544 0.128413 0.022839
1 0.566156 0.830964 0.152506 0.020000
1 0.226865 0.845881 0.160532 0.021420
1 0.155592 0.831676 0.106334 0.021425
1 0.284081 0.829544 0.118380 0.022839
1 0.410560 0.832386 0.082232 0.022845
1 0.556116 0.818181 0.754795 0.022839
1 0.403533 0.638492 0.088259 0.021420
1 0.785991 0.639914 0.295044 0.024265
1 0.669549 0.584518 0.523916 0.021420
1 0.275044 0.297586 0.132425 0.021420
1 0.569166 0.277700 0.744762 0.021420
1 0.425616 0.416192 0.208719 0.022839
1 0.423614 0.428267 0.220766 0.021425
1 0.432647 0.453834 0.210725 0.021420
1 0.424613 0.466619 0.214738 0.021425
1 0.422607 0.486508 0.202699 0.021420
1 0.425616 0.499290 0.208719 0.021420
1 0.418590 0.527700 0.218759 0.021420
1 0.421604 0.539062 0.216745 0.021420
1 0.789001 0.518466 0.297051 0.020000
1 0.790008 0.532671 0.303078 0.022845
1 0.837184 0.499290 0.216753 0.021420
1 0.836180 0.487928 0.214746 0.021420
1 0.834170 0.466619 0.234819 0.021425
1 0.832164 0.453124 0.214738 0.020000
1 0.837184 0.430399 0.220766 0.022839
1 0.829154 0.416192 0.216745 0.020000
1 0.566156 0.156249 0.730701 0.020000
1 0.288098 0.175425 0.274972 0.024259
1 0.576193 0.191762 0.722667 0.020000
1 0.807071 0.214487 0.252885 0.022839
1 0.790004 0.230824 0.287019 0.021420
1 0.889384 0.243606 0.112353 0.021420
1 0.254968 0.247871 0.112353 0.021420
1 0.556116 0.246451 0.092280 0.021420
1 0.225858 0.231534 0.150492 0.022839
1 0.454730 0.231534 0.158533 0.025678
1 0.244932 0.213067 0.180612 0.022839
1 0.561132 0.216619 0.130419 0.021425
2 0.754871 0.924715 0.361378 0.036933