0 0.312500 0.038355 0.020000 0.020000
0 0.345588 0.038355 0.020000 0.020000
0 0.373165 0.034091 0.020000 0.020000
0 0.428306 0.035509 0.020000 0.020000
0 0.459559 0.035509 0.020000 0.020000
0 0.507353 0.036932 0.020000 0.020000
0 0.533088 0.035509 0.020000 0.020000
0 0.560659 0.038355 0.020000 0.020000
0 0.590071 0.035509 0.020000 0.020000
0 0.071694 0.086645 0.020000 0.020000
0 0.141541 0.086645 0.020000 0.020000
1 0.553312 0.718750 0.262647 0.022845
2 0.231618 0.612925 0.360294 0.026986
2 0.598344 0.612925 0.369488 0.029832
2 0.865806 0.612925 0.169118 0.029832
2 0.793197 0.650568 0.314335 0.045455
2 0.181065 0.651991 0.259188 0.045455
2 0.473344 0.649859 0.321688 0.041191