0 0.691422 0.177559 0.020000 0.020000
0 0.691422 0.230115 0.020000 0.020000
0 0.848197 0.228692 0.020000 0.020000
0 0.844180 0.286930 0.020000 0.020000
0 0.846189 0.186080 0.020000 0.020000
0 0.693430 0.285511 0.020000 0.020000
0 0.685390 0.372159 0.020000 0.020000
0 0.844180 0.376422 0.020000 0.020000
0 0.691422 0.409089 0.020000 0.020000
0 0.852220 0.407670 0.020000 0.020000
0 0.687405 0.436080 0.020000 0.020000
0 0.848197 0.438918 0.020000 0.020000
0 0.689413 0.477272 0.020000 0.020000
0 0.854229 0.485797 0.020000 0.020000
0 0.685390 0.512783 0.020000 0.020000
0 0.850206 0.512783 0.020000 0.020000
0 0.693430 0.542612 0.020000 0.020000
0 0.848197 0.542612 0.020000 0.020000
0 0.683382 0.573865 0.020000 0.020000
0 0.852220 0.572441 0.020000 0.020000
0 0.691422 0.605113 0.020000 0.020000
0 0.848197 0.605113 0.020000 0.020000
0 0.689413 0.644887 0.020000 0.020000
0 0.691422 0.680398 0.020000 0.020000
0 0.848197 0.647726 0.020000 0.020000
0 0.848197 0.676135 0.020000 0.020000
0 0.695445 0.707388 0.020000 0.020000
0 0.846189 0.708807 0.020000 0.020000
0 0.691422 0.744318 0.020000 0.020000
0 0.848197 0.741479 0.020000 0.020000
0 0.691422 0.768465 0.020000 0.020000
0 0.691422 0.801137 0.020000 0.020000
0 0.848197 0.798294 0.020000 0.020000
0 0.691422 0.855113 0.020000 0.020000
0 0.852220 0.863638 0.020000 0.020000
0 0.848197 0.769885 0.020000 0.020000
1 0.419074 0.117897 0.311446 0.020000
1 0.362795 0.136362 0.415959 0.020000