0 0.316318 0.036933 0.020000 0.020000
0 0.411953 0.036933 0.020000 0.020000
0 0.551724 0.204543 0.020000 0.020000
0 0.634482 0.201704 0.020000 0.020000
0 0.634482 0.215911 0.020000 0.020000
0 0.798159 0.156252 0.020000 0.020000
0 0.790800 0.190341 0.020000 0.020000
2 0.182068 0.150568 0.202300 0.028405
2 0.384368 0.147017 0.202300 0.029827
2 0.279538 0.088069 0.408276 0.085225
2 0.566435 0.111506 0.165518 0.049718
2 0.568274 0.066761 0.161841 0.039773
2 0.282297 0.185370 0.391724 0.044035
2 0.281379 0.226563 0.397241 0.032672
2 0.278618 0.257104 0.395400 0.028410
2 0.275862 0.287642 0.397241 0.032667
2 0.649194 0.262072 0.327353 0.075284
2 0.559997 0.152699 0.156324 0.029832