0 0.134188 0.130682 0.020000 0.020000
0 0.207718 0.129264 0.020000 0.020000
0 0.113971 0.153409 0.020000 0.020000
0 0.207718 0.153409 0.020000 0.020000
0 0.275735 0.149145 0.020000 0.020000
0 0.658088 0.125000 0.020000 0.020000
0 0.702206 0.125000 0.020000 0.020000
0 0.753676 0.130682 0.020000 0.020000
0 0.805147 0.127841 0.020000 0.020000
0 0.863971 0.123582 0.020000 0.020000
0 0.863971 0.420455 0.020000 0.020000
0 0.895224 0.420455 0.020000 0.020000
0 0.867647 0.465909 0.020000 0.020000
0 0.898894 0.464491 0.020000 0.020000
0 0.867647 0.517045 0.020000 0.020000
0 0.889706 0.517045 0.020000 0.020000
0 0.863971 0.559659 0.020000 0.020000
0 0.895224 0.563918 0.020000 0.020000
0 0.871324 0.607955 0.020000 0.020000
0 0.897059 0.607955 0.020000 0.020000
0 0.862129 0.657673 0.020000 0.020000
0 0.897059 0.659091 0.020000 0.020000
0 0.862129 0.703127 0.020000 0.020000
0 0.897059 0.704545 0.020000 0.020000
0 0.867647 0.754264 0.020000 0.020000
0 0.897059 0.754264 0.020000 0.020000
0 0.863971 0.805400 0.020000 0.020000
0 0.893382 0.801136 0.020000 0.020000
0 0.867647 0.846591 0.020000 0.020000
0 0.904412 0.852273 0.020000 0.020000
0 0.531247 0.852273 0.020000 0.020000
0 0.562500 0.853691 0.020000 0.020000
0 0.615812 0.849432 0.020000 0.020000
0 0.656247 0.848009 0.020000 0.020000
0 0.536765 0.801136 0.020000 0.020000
0 0.569853 0.802555 0.020000 0.020000
0 0.619482 0.801136 0.020000 0.020000
0 0.654412 0.802555 0.020000 0.020000
0 0.536765 0.419036 0.020000 0.020000
0 0.566176 0.420455 0.020000 0.020000
0 0.568012 0.471591 0.020000 0.020000
0 0.538600 0.464491 0.020000 0.020000
0 0.531247 0.517045 0.020000 0.020000
0 0.566176 0.514205 0.020000 0.020000
0 0.569853 0.563918 0.020000 0.020000
0 0.538600 0.562500 0.020000 0.020000
0 0.534929 0.610795 0.020000 0.020000
0 0.568012 0.609373 0.020000 0.020000
0 0.569853 0.659091 0.020000 0.020000
0 0.536765 0.656250 0.020000 0.020000
0 0.536765 0.704545 0.020000 0.020000
0 0.568012 0.704545 0.020000 0.020000
0 0.568012 0.750000 0.020000 0.020000
0 0.536765 0.754264 0.020000 0.020000
0 0.621324 0.755682 0.020000 0.020000
0 0.648894 0.754264 0.020000 0.020000
0 0.659929 0.703127 0.020000 0.020000
0 0.621324 0.701705 0.020000 0.020000
0 0.621324 0.657673 0.020000 0.020000
0 0.647059 0.657673 0.020000 0.020000
0 0.658088 0.609373 0.020000 0.020000
0 0.615812 0.609373 0.020000 0.020000
0 0.619482 0.559659 0.020000 0.020000
0 0.648894 0.563918 0.020000 0.020000
0 0.659929 0.514205 0.020000 0.020000
0 0.619482 0.514205 0.020000 0.020000
0 0.625000 0.467327 0.020000 0.020000
0 0.650735 0.467327 0.020000 0.020000
0 0.658088 0.423295 0.020000 0.020000
0 0.625000 0.421873 0.020000 0.020000
1 0.270221 0.107955 0.288382 0.022836
1 0.709559 0.156250 0.369259 0.020000
1 0.825368 0.109375 0.163382 0.022841
1 0.761029 0.232955 0.262647 0.020000
1 0.545959 0.896305 0.777353 0.025682