0 0.279412 0.213067 0.020000 0.020000
0 0.047796 0.213067 0.020000 0.020000
0 0.091914 0.677558 0.020000 0.020000
0 0.402573 0.673297 0.020000 0.020000
0 0.722424 0.683236 0.020000 0.020000
1 0.328125 0.840197 0.602714 0.024261
1 0.833643 0.840909 0.190957 0.022836
1 0.262871 0.520597 0.372941 0.021424
1 0.751835 0.517045 0.343529 0.025679
1 0.760110 0.490767 0.334337 0.021424
1 0.261949 0.492188 0.367427 0.027103
1 0.734373 0.360797 0.385812 0.022842
1 0.742651 0.330964 0.372941 0.020000
1 0.737133 0.305397 0.376620 0.022842
1 0.776655 0.276988 0.290220 0.025685
1 0.741729 0.252842 0.378455 0.020000
1 0.269302 0.247158 0.389490 0.020000
1 0.303310 0.279827 0.303090 0.022842
1 0.272976 0.303267 0.374784 0.024267
1 0.268380 0.329545 0.376620 0.020000
1 0.258271 0.360085 0.389482 0.027103
1 0.475184 0.110085 0.591686 0.024267
1 0.890624 0.110794 0.190957 0.020000
1 0.714153 0.057527 0.179929 0.021418