0 0.102941 0.561082 0.020000 0.020000
0 0.204047 0.563918 0.020000 0.020000
0 0.093753 0.828127 0.020000 0.020000
0 0.068012 0.791191 0.020000 0.020000
0 0.064341 0.095173 0.020000 0.020000
0 0.134188 0.096591 0.020000 0.020000
0 0.086400 0.194600 0.020000 0.020000
0 0.090071 0.210227 0.020000 0.020000
0 0.088235 0.228691 0.020000 0.020000
0 0.086400 0.247159 0.020000 0.020000
0 0.091912 0.262782 0.020000 0.020000
0 0.088235 0.279827 0.020000 0.020000
1 0.223344 0.287643 0.179924 0.021423
1 0.199447 0.306109 0.224047 0.021418
1 0.196688 0.322443 0.218529 0.022841
1 0.201285 0.887784 0.150512 0.022841
1 0.227941 0.911932 0.141318 0.022845
1 0.410844 0.914064 0.099041 0.021418
2 0.498162 0.598723 0.893382 0.279827
2 0.497241 0.284800 0.902576 0.319600