0 0.204047 0.367900 0.020000 0.020000
0 0.200365 0.484373 0.020000 0.020000
0 0.209559 0.613636 0.020000 0.020000
0 0.211400 0.735795 0.020000 0.020000
0 0.893382 0.863636 0.020000 0.020000
0 0.882353 0.734373 0.020000 0.020000
0 0.900735 0.616477 0.020000 0.020000
0 0.891541 0.502841 0.020000 0.020000
0 0.882353 0.366477 0.020000 0.020000
0 0.211400 0.860795 0.020000 0.020000
1 0.295956 0.235086 0.450147 0.027100
1 0.755515 0.237925 0.391324 0.027105
1 0.339153 0.343750 0.404188 0.022845
1 0.663606 0.340909 0.100882 0.020000
1 0.919118 0.343039 0.082494 0.029941
1 0.321691 0.463777 0.361912 0.024264
1 0.681068 0.465198 0.139488 0.027105
1 0.920035 0.470168 0.091694 0.025682
1 0.334559 0.590909 0.402353 0.028527
1 0.647059 0.587359 0.126612 0.027100
1 0.924632 0.593039 0.089853 0.021423
1 0.349265 0.711648 0.391329 0.028523
1 0.673712 0.709516 0.113753 0.024259
1 0.913603 0.719459 0.082500 0.024264
1 0.330882 0.837359 0.406024 0.024264
1 0.672794 0.834518 0.159706 0.021418
1 0.912685 0.831675 0.073312 0.021423