0 0.273186 0.194600 0.020000 0.020000
0 0.271179 0.232954 0.020000 0.020000
0 0.695024 0.183241 0.020000 0.020000
0 0.899909 0.187499 0.020000 0.020000
0 0.622709 0.245737 0.020000 0.020000
0 0.319389 0.406251 0.020000 0.020000
0 0.317382 0.433241 0.020000 0.020000
2 0.613670 0.484376 0.672926 0.019885
2 0.607642 0.506394 0.660871 0.018465
2 0.373625 0.541903 0.192836 0.024147
2 0.611660 0.605113 0.668906 0.022728
2 0.610656 0.631394 0.666898 0.024147
2 0.611660 0.657670 0.668906 0.031253
2 0.612663 0.683950 0.670913 0.024147
2 0.376638 0.719461 0.194849 0.021308
2 0.482098 0.798296 0.409782 0.031248
2 0.481091 0.835229 0.407769 0.034091
2 0.876811 0.797584 0.134589 0.032672
2 0.877814 0.835227 0.140611 0.031248