0 0.079047 0.053977 0.020000 0.020000
0 0.349265 0.052555 0.020000 0.020000
1 0.401653 0.377130 0.117424 0.021423
1 0.402574 0.394175 0.111912 0.021423
1 0.407168 0.409800 0.110076 0.021418
2 0.624079 0.357955 0.329041 0.107955
2 0.258274 0.325282 0.402571 0.045455
2 0.537682 0.286932 0.163600 0.031245
2 0.710479 0.287643 0.163606 0.035514
2 0.540441 0.254261 0.165447 0.025568
2 0.705882 0.257814 0.161765 0.026991
2 0.707718 0.220882 0.161765 0.046873
2 0.543197 0.217330 0.167276 0.042614
2 0.544118 0.171873 0.172800 0.045455
2 0.543200 0.124289 0.159929 0.041195
2 0.541359 0.083098 0.167282 0.046877
2 0.160844 0.171875 0.196688 0.042614
2 0.355700 0.171164 0.196694 0.044036
2 0.261029 0.215909 0.397059 0.051136
2 0.261029 0.269886 0.400741 0.056818
2 0.258274 0.105114 0.402571 0.085227