0 0.136029 0.224432 0.020000 0.020000
0 0.132353 0.308236 0.020000 0.020000
1 0.197609 0.494318 0.176253 0.022836
1 0.710476 0.493609 0.485071 0.021418
1 0.711400 0.539061 0.475882 0.024259
1 0.714156 0.615766 0.470371 0.021423
1 0.711400 0.318891 0.475882 0.021418
1 0.521138 0.340909 0.823312 0.020000
1 0.346509 0.282670 0.481394 0.022841
1 0.737135 0.287641 0.159706 0.024264
1 0.531247 0.260652 0.843529 0.024259
1 0.819853 0.237927 0.251612 0.021418
1 0.367647 0.200282 0.159706 0.020000
1 0.722424 0.178266 0.461176 0.021423