0 0.465071 0.751418 0.020000 0.020000
0 0.459559 0.774145 0.020000 0.020000
0 0.463235 0.803977 0.020000 0.020000
0 0.461400 0.828127 0.020000 0.020000
0 0.465071 0.857955 0.020000 0.020000
0 0.465071 0.889205 0.020000 0.020000
0 0.500000 0.893464 0.020000 0.020000
0 0.503676 0.857955 0.020000 0.020000
0 0.507353 0.838068 0.020000 0.020000
0 0.507353 0.805400 0.020000 0.020000
0 0.505518 0.781250 0.020000 0.020000
0 0.501835 0.758523 0.020000 0.020000
0 0.902576 0.751418 0.020000 0.020000
0 0.941176 0.754264 0.020000 0.020000
0 0.941176 0.799718 0.020000 0.020000
0 0.902576 0.803977 0.020000 0.020000
0 0.898894 0.838068 0.020000 0.020000
0 0.943012 0.839491 0.020000 0.020000
0 0.943012 0.863636 0.020000 0.020000
0 0.897059 0.862218 0.020000 0.020000
0 0.895224 0.897727 0.020000 0.020000
0 0.952206 0.901991 0.020000 0.020000
0 0.295953 0.448864 0.020000 0.020000
0 0.058824 0.446023 0.020000 0.020000
0 0.058824 0.607955 0.020000 0.020000
0 0.137871 0.612218 0.020000 0.020000
0 0.766541 0.615055 0.020000 0.020000
0 0.832718 0.616477 0.020000 0.020000
0 0.395224 0.447445 0.020000 0.020000
0 0.494482 0.447445 0.020000 0.020000
0 0.643382 0.446023 0.020000 0.020000
0 0.755518 0.448864 0.020000 0.020000
0 0.862129 0.447445 0.020000 0.020000
0 0.058824 0.211645 0.020000 0.020000
0 0.066176 0.235795 0.020000 0.020000
0 0.152576 0.210227 0.020000 0.020000
0 0.148894 0.237218 0.020000 0.020000
0 0.301471 0.217327 0.020000 0.020000
0 0.308824 0.234373 0.020000 0.020000
0 0.466912 0.208809 0.020000 0.020000
0 0.536765 0.211645 0.020000 0.020000
0 0.461400 0.225855 0.020000 0.020000
0 0.457718 0.242900 0.020000 0.020000
0 0.689341 0.230114 0.020000 0.020000
2 0.190259 0.671164 0.310659 0.032673
2 0.447612 0.668323 0.204047 0.038355
2 0.652576 0.671166 0.205882 0.029832
2 0.859376 0.669745 0.207718 0.035509
2 0.357535 0.708098 0.637871 0.035514
2 0.815259 0.708098 0.281247 0.035514
2 0.149815 0.529830 0.204041 0.076705
2 0.380518 0.535511 0.250000 0.065341
2 0.733459 0.535511 0.455882 0.065341
2 0.520224 0.597302 0.441176 0.052559
2 0.175550 0.477984 0.270218 0.038350
2 0.496324 0.479405 0.375000 0.038355
2 0.826288 0.487216 0.255518 0.042614
2 0.190256 0.392757 0.303312 0.038350
2 0.447612 0.391334 0.204047 0.038350
2 0.601106 0.390625 0.102941 0.036932
2 0.702206 0.389205 0.099259 0.039773
2 0.852021 0.389205 0.196688 0.034091
2 0.189341 0.350850 0.279412 0.039773
2 0.475185 0.350141 0.292276 0.041191
2 0.792279 0.351561 0.341912 0.041195
2 0.187500 0.311077 0.308824 0.039773
2 0.451285 0.314632 0.218747 0.041191
2 0.605697 0.309659 0.090076 0.031245
2 0.701285 0.308236 0.101100 0.034091
2 0.855697 0.310368 0.207724 0.041191
2 0.126835 0.269175 0.176471 0.024150
2 0.321688 0.268466 0.213235 0.025568
2 0.580882 0.279118 0.312494 0.044036
2 0.849265 0.279830 0.227941 0.042614
2 0.878676 0.213780 0.169118 0.089486
2 0.756435 0.151991 0.075365 0.034091
2 0.612135 0.155541 0.213235 0.041191
2 0.272979 0.154830 0.465076 0.042614