0 0.858459 0.215909 0.020000 0.020000
0 0.922794 0.220173 0.020000 0.020000
0 0.876835 0.238636 0.020000 0.020000
0 0.922794 0.244318 0.020000 0.020000
0 0.858459 0.299718 0.020000 0.020000
0 0.931988 0.294036 0.020000 0.020000
0 0.858459 0.330964 0.020000 0.020000
0 0.924635 0.332386 0.020000 0.020000
0 0.858459 0.372159 0.020000 0.020000
0 0.919118 0.370736 0.020000 0.020000
0 0.858459 0.392045 0.020000 0.020000
0 0.920953 0.394886 0.020000 0.020000
0 0.865812 0.417614 0.020000 0.020000
0 0.933824 0.414773 0.020000 0.020000
0 0.863971 0.448864 0.020000 0.020000
0 0.946694 0.451705 0.020000 0.020000
0 0.862129 0.487218 0.020000 0.020000
0 0.928306 0.488636 0.020000 0.020000
0 0.862129 0.519886 0.020000 0.020000
0 0.926471 0.518464 0.020000 0.020000
0 0.856618 0.534091 0.020000 0.020000
0 0.924635 0.541191 0.020000 0.020000
0 0.865812 0.553977 0.020000 0.020000
0 0.928306 0.563918 0.020000 0.020000
0 0.851106 0.580964 0.020000 0.020000
0 0.935659 0.578127 0.020000 0.020000
0 0.854776 0.619318 0.020000 0.020000
0 0.952206 0.617900 0.020000 0.020000
2 0.265624 0.153409 0.454047 0.059655
2 0.725185 0.152698 0.457724 0.061077
2 0.499079 0.789773 0.902571 0.269891