0 0.791918 0.684660 0.020000 0.020000
0 0.785892 0.613638 0.020000 0.020000
0 0.789909 0.551137 0.020000 0.020000
0 0.856237 0.549718 0.020000 0.020000
0 0.862269 0.615058 0.020000 0.020000
0 0.860260 0.694600 0.020000 0.020000
0 0.781869 0.382103 0.020000 0.020000
0 0.856237 0.382103 0.020000 0.020000
0 0.856237 0.312501 0.020000 0.020000
0 0.793932 0.313920 0.020000 0.020000
0 0.789909 0.237217 0.020000 0.020000
0 0.785892 0.211646 0.020000 0.020000
0 0.787901 0.183241 0.020000 0.020000
0 0.785892 0.156251 0.020000 0.020000
1 0.397970 0.277700 0.229032 0.021419
1 0.830106 0.277700 0.176776 0.021419
1 0.509519 0.296165 0.078288 0.021419
1 0.510526 0.335227 0.313454 0.022843
1 0.383902 0.442471 0.249135 0.021419
1 0.428119 0.464489 0.148639 0.022839
1 0.397970 0.487215 0.124519 0.025682
1 0.700466 0.579545 0.118488 0.022843
1 0.870309 0.575994 0.088336 0.021419
1 0.698457 0.597302 0.130551 0.021419
1 0.869301 0.598722 0.094368 0.021419
1 0.522589 0.658380 0.743581 0.021419
1 0.520578 0.670453 0.747604 0.020000
1 0.504498 0.732954 0.799861 0.022839
1 0.506506 0.743608 0.799861 0.021419
1 0.510526 0.797587 0.787804 0.024263
1 0.505502 0.813920 0.821966 0.020000
1 0.505499 0.823863 0.809909 0.025682