0 0.783759 0.313921 0.020000 0.020000
0 0.786094 0.326704 0.020000 0.020000
0 0.793118 0.340911 0.020000 0.020000
0 0.788435 0.350854 0.020000 0.020000
0 0.568518 0.380682 0.020000 0.020000
0 0.582553 0.394886 0.020000 0.020000
0 0.236294 0.380682 0.020000 0.020000
0 0.250335 0.392046 0.020000 0.020000
1 0.863303 0.571023 0.188453 0.025682
1 0.267882 0.522729 0.410706 0.020000
1 0.617647 0.526279 0.244600 0.024264
1 0.610629 0.566050 0.239918 0.021421
1 0.266712 0.566761 0.375612 0.020000
1 0.271388 0.585938 0.413047 0.021418
1 0.618815 0.588068 0.251618 0.020000
1 0.809491 0.395596 0.216524 0.021421
2 0.218750 0.644175 0.138029 0.021307
2 0.217579 0.670454 0.140371 0.022729
2 0.219921 0.691761 0.145053 0.019886
2 0.384859 0.693182 0.138035 0.022729
2 0.387200 0.666193 0.142718 0.022729
2 0.387200 0.642755 0.142718 0.024146
2 0.561500 0.641336 0.154412 0.018464
2 0.567347 0.668325 0.138035 0.021307
2 0.569685 0.693182 0.147394 0.017043
2 0.741644 0.693893 0.140371 0.021307
2 0.735794 0.666904 0.138035 0.018464
2 0.739303 0.639914 0.131018 0.018464
2 0.797794 0.434659 0.262035 0.019889
2 0.503009 0.740766 0.921794 0.066761
2 0.139203 0.153409 0.142712 0.017046
2 0.305315 0.148438 0.147394 0.015625
2 0.518215 0.149148 0.063171 0.008525
2 0.872659 0.151279 0.084224 0.009943
2 0.202374 0.208098 0.245653 0.015625
2 0.478444 0.208807 0.039771 0.017043
2 0.548629 0.208096 0.035094 0.012786
2 0.796624 0.205966 0.287765 0.011361
2 0.859791 0.248579 0.161429 0.019886
2 0.884359 0.277700 0.107624 0.021307
2 0.412932 0.330966 0.507688 0.025568
2 0.459726 0.279120 0.554476 0.018468
2 0.459724 0.244318 0.549800 0.022729