1 0.708699 0.073153 0.357284 0.024265
1 0.709698 0.096591 0.367325 0.022839
1 0.708695 0.119319 0.377357 0.022845
1 0.639432 0.142757 0.226793 0.021420
1 0.846217 0.139914 0.098300 0.021425
2 0.762901 0.925425 0.281064 0.041192
2 0.763904 0.885653 0.279057 0.038352
2 0.764911 0.852982 0.281072 0.026990
2 0.763904 0.806106 0.279057 0.029829
2 0.759891 0.783381 0.299138 0.015621
2 0.762901 0.763495 0.281064 0.024151
2 0.764911 0.736505 0.285085 0.029829
2 0.763908 0.711648 0.287091 0.019886
2 0.757885 0.683948 0.279057 0.035513
2 0.757881 0.191762 0.283078 0.017047
2 0.761898 0.210228 0.275044 0.019886
2 0.762901 0.229404 0.277051 0.015627
2 0.760894 0.247871 0.281064 0.021306
2 0.761898 0.267757 0.283070 0.018466
2 0.759887 0.285513 0.287091 0.017047
2 0.759891 0.303979 0.283070 0.019886
2 0.762901 0.325285 0.277051 0.019886
2 0.763904 0.343749 0.275044 0.014202
2 0.755874 0.360795 0.283078 0.019892
2 0.757881 0.379262 0.287091 0.017041
2 0.757881 0.396306 0.287091 0.017047
2 0.759891 0.414062 0.283070 0.018466
2 0.756878 0.434658 0.289098 0.022725
2 0.758888 0.453124 0.293118 0.014208
2 0.763908 0.470881 0.283078 0.021306