0 0.359363 0.225849 0.020000 0.020000
0 0.592256 0.221591 0.020000 0.020000
0 0.680588 0.220171 0.020000 0.020000
1 0.723751 0.074575 0.367325 0.024259
1 0.725761 0.093751 0.355278 0.020000
1 0.722748 0.121451 0.369331 0.021420
1 0.861277 0.142757 0.096285 0.024259
1 0.669549 0.137785 0.218759 0.025684
2 0.505927 0.245029 0.827147 0.015621
2 0.819118 0.263495 0.200766 0.021311
2 0.818114 0.285513 0.198759 0.022725
2 0.820121 0.306819 0.194746 0.019886
2 0.823131 0.324575 0.200766 0.015627
2 0.825137 0.346594 0.196753 0.028409
2 0.820121 0.219458 0.210798 0.026990
2 0.821124 0.391337 0.192740 0.021306
2 0.819118 0.413352 0.204778 0.019886
2 0.820121 0.432529 0.206785 0.018466
2 0.820121 0.453124 0.210798 0.017047
2 0.819118 0.473010 0.204778 0.022725
2 0.814098 0.492896 0.194738 0.017047
2 0.817107 0.513495 0.188719 0.024151
2 0.822127 0.535513 0.198759 0.019886
2 0.820121 0.555399 0.194746 0.019886
2 0.822127 0.575995 0.198759 0.021306
2 0.817107 0.598723 0.196745 0.024151
2 0.821124 0.618606 0.208791 0.018466
2 0.508936 0.782668 0.833167 0.019886
2 0.510943 0.801135 0.829154 0.017047
2 0.508936 0.828834 0.825141 0.038352
2 0.509940 0.859376 0.823135 0.022731
2 0.510943 0.879262 0.825141 0.017041
2 0.508936 0.900567 0.829154 0.025570
2 0.506926 0.924005 0.817107 0.021306
2 0.505927 0.943181 0.827147 0.017047
2 0.511946 0.656958 0.827147 0.018466
2 0.508936 0.675425 0.833167 0.018466
2 0.506930 0.696733 0.829154 0.024151
2 0.510943 0.716619 0.821128 0.015621
2 0.512949 0.736505 0.825141 0.024151
2 0.406547 0.389205 0.624376 0.019892
2 0.409557 0.408381 0.618356 0.018461
2 0.407550 0.431816 0.614343 0.028409
2 0.403537 0.452414 0.622369 0.012788
2 0.402530 0.468751 0.620355 0.019886
2 0.401527 0.492189 0.622361 0.026990
2 0.405544 0.512075 0.630395 0.012782
2 0.411567 0.533381 0.618348 0.021311
2 0.412571 0.556819 0.620355 0.025564
2 0.408554 0.575282 0.628388 0.011363
2 0.405544 0.593751 0.622369 0.022725
2 0.406547 0.614347 0.620363 0.018466
2 0.404537 0.634943 0.616342 0.022725