0 0.571539 0.660514 0.020000 0.020000
0 0.655913 0.687497 0.020000 0.020000
0 0.798546 0.681820 0.020000 0.020000
0 0.081360 0.612219 0.020000 0.020000
0 0.216965 0.613634 0.020000 0.020000
0 0.167747 0.271306 0.020000 0.020000
0 0.221984 0.269885 0.020000 0.020000
1 0.673993 0.239347 0.082274 0.024256
1 0.151672 0.588065 0.058170 0.020000
1 0.190346 0.588065 0.043104 0.020000
1 0.230524 0.587358 0.055156 0.021415
1 0.329966 0.585937 0.043104 0.024256
1 0.364117 0.584519 0.037076 0.021421
1 0.407811 0.587358 0.056161 0.024256
1 0.128070 0.664060 0.123459 0.021421
1 0.277232 0.665481 0.170667 0.024262
1 0.541907 0.716617 0.047123 0.021421
1 0.575053 0.720169 0.045113 0.022842
1 0.620757 0.718748 0.050133 0.025683
1 0.720197 0.722300 0.130492 0.021421
1 0.860319 0.718038 0.161629 0.024262
1 0.752843 0.764202 0.121454 0.022842
1 0.302343 0.716617 0.114416 0.021421
1 0.082366 0.756394 0.048127 0.024262
1 0.123549 0.751421 0.036075 0.022842
1 0.164733 0.752842 0.050133 0.022842
1 0.855297 0.671164 0.045113 0.024262
1 0.893970 0.667612 0.032052 0.025683
2 0.118025 0.225139 0.091407 0.075284
2 0.278739 0.225849 0.230021 0.073863
2 0.444976 0.223011 0.102454 0.068186
2 0.732251 0.439628 0.427897 0.453126
2 0.279741 0.348721 0.426896 0.180393