0 0.079043 0.360794 0.020000 0.020000
0 0.137867 0.369321 0.020000 0.020000
0 0.191176 0.355115 0.020000 0.020000
0 0.244486 0.363636 0.020000 0.020000
0 0.288604 0.359376 0.020000 0.020000
0 0.340071 0.357952 0.020000 0.020000
0 0.387867 0.362218 0.020000 0.020000
0 0.444855 0.363636 0.020000 0.020000
0 0.505514 0.363636 0.020000 0.020000
0 0.544118 0.363636 0.020000 0.020000
0 0.604776 0.360794 0.020000 0.020000
0 0.650737 0.360794 0.020000 0.020000
0 0.704047 0.366479 0.020000 0.020000
0 0.746322 0.365055 0.020000 0.020000
0 0.803310 0.366479 0.020000 0.020000
0 0.860298 0.369321 0.020000 0.020000
0 0.917278 0.360794 0.020000 0.020000
1 0.514706 0.751418 0.056769 0.020000
1 0.615808 0.757103 0.086173 0.022836
1 0.695773 0.754973 0.062275 0.021424
2 0.284008 0.251421 0.443012 0.028406
2 0.724263 0.254261 0.444855 0.028412
2 0.498161 0.284091 0.878675 0.036933
2 0.784008 0.321021 0.318008 0.028406
2 0.511949 0.318179 0.226110 0.034091
2 0.228859 0.317470 0.336400 0.032673
2 0.205882 0.392045 0.294118 0.028406
2 0.484376 0.395594 0.262871 0.029830
2 0.776655 0.396306 0.321686 0.031255
2 0.279412 0.442470 0.437506 0.032673
2 0.722427 0.443182 0.448525 0.031248
2 0.505514 0.475142 0.882353 0.026988
2 0.231620 0.507103 0.338235 0.036933
2 0.509188 0.507812 0.220588 0.035515
2 0.780329 0.507812 0.321694 0.035515
2 0.229780 0.610794 0.341914 0.036933
2 0.556984 0.612924 0.312494 0.032673
2 0.828122 0.612927 0.229780 0.029830
2 0.505514 0.654830 0.882353 0.022727
2 0.501835 0.684661 0.882353 0.036933
2 0.502757 0.713067 0.869482 0.022727
2 0.507353 0.745027 0.878675 0.044030
2 0.820773 0.780539 0.262863 0.024145
2 0.546875 0.779827 0.284933 0.025570
2 0.227020 0.779827 0.343749 0.034091