2 0.257353 0.230825 0.422800 0.032668
2 0.590074 0.228693 0.246324 0.036932
2 0.830882 0.228693 0.235294 0.036932
2 0.352021 0.308948 0.612135 0.066759
2 0.809744 0.367186 0.303312 0.049718
2 0.348344 0.365055 0.615806 0.045455
2 0.496324 0.407670 0.911765 0.048295
2 0.762871 0.444602 0.382353 0.025568
2 0.438418 0.441052 0.259188 0.032668
2 0.175550 0.445311 0.259194 0.032668
2 0.349265 0.495739 0.606624 0.065341
2 0.344671 0.552557 0.615812 0.048295
2 0.499079 0.596591 0.917276 0.039773
2 0.766541 0.631393 0.382353 0.029832
2 0.436582 0.632814 0.259188 0.026991
2 0.179229 0.636364 0.259188 0.034091
2 0.805147 0.553266 0.286765 0.046877
2 0.360294 0.685368 0.595588 0.061082
2 0.806985 0.742898 0.297794 0.053977
2 0.348347 0.741477 0.608459 0.059664
2 0.500921 0.779120 0.920959 0.038350
2 0.765626 0.816052 0.387865 0.035514
2 0.439338 0.817473 0.261029 0.035509
2 0.177388 0.818182 0.262871 0.036927