0 0.439341 0.754264 0.020000 0.020000
0 0.479776 0.750000 0.020000 0.020000
0 0.481618 0.784091 0.020000 0.020000
0 0.426471 0.795455 0.020000 0.020000
0 0.441176 0.825282 0.020000 0.020000
0 0.481618 0.835227 0.020000 0.020000
0 0.413600 0.382100 0.020000 0.020000
0 0.415441 0.427555 0.020000 0.020000
0 0.591912 0.427555 0.020000 0.020000
0 0.586400 0.375000 0.020000 0.020000
0 0.772059 0.379264 0.020000 0.020000
0 0.205882 0.387782 0.020000 0.020000
0 0.211400 0.431818 0.020000 0.020000
0 0.068012 0.434659 0.020000 0.020000
0 0.071694 0.386364 0.020000 0.020000
2 0.175553 0.926848 0.266541 0.049714
2 0.433824 0.927557 0.250000 0.048295
2 0.693015 0.928977 0.268382 0.051136
2 0.895218 0.928977 0.110294 0.056818
2 0.891544 0.819605 0.128676 0.028409
2 0.890626 0.784091 0.126841 0.042618
2 0.892465 0.747868 0.123165 0.029827
2 0.774818 0.747868 0.112129 0.029827
2 0.774818 0.783380 0.112129 0.041195
2 0.772976 0.821023 0.115812 0.034091
2 0.606618 0.820311 0.216906 0.035514
2 0.602941 0.784091 0.209553 0.036927
2 0.611215 0.750000 0.200371 0.031255
2 0.341912 0.746448 0.125000 0.044032
2 0.347426 0.783380 0.136029 0.029832
2 0.347426 0.818893 0.136029 0.041195
2 0.165441 0.821023 0.227941 0.036936
2 0.159926 0.786220 0.216912 0.032668
2 0.177391 0.752841 0.200371 0.034091
2 0.147059 0.585227 0.183824 0.045455
2 0.328126 0.585227 0.178312 0.045455
2 0.500921 0.584518 0.167276 0.044036
2 0.674632 0.588068 0.180147 0.048300
2 0.856618 0.588068 0.187494 0.051136
2 0.717832 0.541905 0.457724 0.026991
2 0.722429 0.508523 0.463235 0.039773
2 0.266544 0.517755 0.444853 0.069600
2 0.502759 0.469459 0.902576 0.041191
2 0.262868 0.302559 0.444853 0.073864
2 0.721509 0.308239 0.461394 0.065341