0 0.310659 0.029827 0.020000 0.020000
0 0.448529 0.034091 0.020000 0.020000
0 0.591912 0.034091 0.020000 0.020000
0 0.069853 0.079545 0.020000 0.020000
0 0.128676 0.082386 0.020000 0.020000
0 0.071694 0.167614 0.020000 0.020000
0 0.068012 0.187500 0.020000 0.020000
0 0.069853 0.242900 0.020000 0.020000
0 0.069853 0.329545 0.020000 0.020000
0 0.071694 0.370736 0.020000 0.020000
0 0.073529 0.467327 0.020000 0.020000
0 0.123165 0.468750 0.020000 0.020000
0 0.064341 0.552555 0.020000 0.020000
0 0.073529 0.573864 0.020000 0.020000
0 0.071694 0.598009 0.020000 0.020000
0 0.066176 0.644886 0.020000 0.020000
0 0.125000 0.643464 0.020000 0.020000
0 0.068012 0.768464 0.020000 0.020000
0 0.126835 0.764205 0.020000 0.020000
0 0.066176 0.875000 0.020000 0.020000
0 0.121324 0.870736 0.020000 0.020000