0 0.088235 0.095173 0.020000 0.020000
0 0.125000 0.146309 0.020000 0.020000
0 0.068012 0.151991 0.020000 0.020000
0 0.176471 0.095173 0.020000 0.020000
0 0.272059 0.093750 0.020000 0.020000
0 0.378676 0.096591 0.020000 0.020000
0 0.479776 0.093750 0.020000 0.020000
0 0.595588 0.098009 0.020000 0.020000
0 0.801471 0.150568 0.020000 0.020000
0 0.068012 0.186082 0.020000 0.020000
0 0.064341 0.205964 0.020000 0.020000
0 0.068012 0.221591 0.020000 0.020000
0 0.071694 0.232955 0.020000 0.020000
0 0.064341 0.250000 0.020000 0.020000
0 0.069853 0.269886 0.020000 0.020000
0 0.069853 0.286932 0.020000 0.020000
0 0.174635 0.269886 0.020000 0.020000
0 0.178306 0.294036 0.020000 0.020000
0 0.158088 0.352273 0.020000 0.020000
0 0.069853 0.321023 0.020000 0.020000
0 0.235294 0.357955 0.020000 0.020000
0 0.295953 0.352273 0.020000 0.020000
0 0.367647 0.350855 0.020000 0.020000
0 0.417282 0.350855 0.020000 0.020000
0 0.485294 0.355114 0.020000 0.020000
0 0.487129 0.382100 0.020000 0.020000
0 0.426471 0.383523 0.020000 0.020000
0 0.363971 0.389205 0.020000 0.020000
0 0.297794 0.387782 0.020000 0.020000
0 0.235294 0.390627 0.020000 0.020000
0 0.165441 0.387782 0.020000 0.020000
0 0.071694 0.416191 0.020000 0.020000
0 0.069853 0.578127 0.020000 0.020000
0 0.143382 0.580964 0.020000 0.020000
0 0.102941 0.660509 0.020000 0.020000
0 0.097424 0.688918 0.020000 0.020000
0 0.159929 0.720173 0.020000 0.020000
0 0.163600 0.735795 0.020000 0.020000
0 0.159929 0.751418 0.020000 0.020000
0 0.165441 0.762782 0.020000 0.020000
0 0.117647 0.782673 0.020000 0.020000
0 0.279412 0.786932 0.020000 0.020000
0 0.064341 0.813918 0.020000 0.020000
0 0.091912 0.836645 0.020000 0.020000
0 0.090071 0.893464 0.020000 0.020000
0 0.084559 0.913355 0.020000 0.020000
1 0.267465 0.477273 0.161541 0.025682
1 0.731618 0.297586 0.225882 0.024264
1 0.546874 0.311082 0.738747 0.020000
1 0.714156 0.480114 0.426253 0.020000
1 0.715994 0.497159 0.426247 0.022845
1 0.711397 0.512073 0.428088 0.021418
1 0.263788 0.512784 0.154188 0.022841
1 0.271138 0.494318 0.143159 0.020000
1 0.693935 0.857955 0.481400 0.020000
1 0.686579 0.887784 0.474041 0.022841
1 0.665441 0.921877 0.505294 0.025682
1 0.579044 0.941052 0.692794 0.021423
1 0.541359 0.424714 0.735071 0.025682
1 0.694853 0.791902 0.093529 0.021423