0 0.049635 0.823864 0.020000 0.020000
0 0.055147 0.856536 0.020000 0.020000
0 0.051471 0.889205 0.020000 0.020000
0 0.264706 0.887782 0.020000 0.020000
0 0.270224 0.859373 0.020000 0.020000
0 0.268382 0.821023 0.020000 0.020000
0 0.470588 0.823864 0.020000 0.020000
0 0.479776 0.879264 0.020000 0.020000
0 0.483459 0.892045 0.020000 0.020000
0 0.481618 0.920455 0.020000 0.020000
0 0.735294 0.816764 0.020000 0.020000
0 0.514706 0.579545 0.020000 0.020000
0 0.522059 0.524145 0.020000 0.020000
0 0.053306 0.636364 0.020000 0.020000
0 0.049635 0.575282 0.020000 0.020000
0 0.053306 0.521309 0.020000 0.020000
0 0.053306 0.468750 0.020000 0.020000
0 0.341912 0.436082 0.020000 0.020000
0 0.402576 0.438918 0.020000 0.020000
0 0.507353 0.470173 0.020000 0.020000
0 0.766541 0.470173 0.020000 0.020000
2 0.737132 0.429689 0.459559 0.032668
2 0.268382 0.757105 0.459565 0.039773
2 0.731618 0.757102 0.466906 0.036932
2 0.272976 0.192473 0.472424 0.032673
2 0.625918 0.193182 0.233459 0.031255
2 0.857535 0.193182 0.229776 0.031255
2 0.740806 0.224432 0.463235 0.028409
2 0.739888 0.254261 0.461400 0.031250
2 0.503676 0.292614 0.933824 0.045455
2 0.270221 0.238636 0.474265 0.062500
2 0.346506 0.335939 0.134188 0.041195
2 0.520224 0.338068 0.205882 0.042609
2 0.713235 0.335939 0.180141 0.038350
2 0.883271 0.336648 0.163600 0.036932
2 0.688418 0.383523 0.553306 0.048300
2 0.225182 0.382105 0.373165 0.051136