0 0.750000 0.161932 0.020000 0.020000
0 0.779412 0.159091 0.020000 0.020000
0 0.806988 0.161932 0.020000 0.020000
0 0.832718 0.153409 0.020000 0.020000
0 0.867647 0.160509 0.020000 0.020000
0 0.897059 0.163355 0.020000 0.020000
0 0.933824 0.156250 0.020000 0.020000
1 0.079044 0.458098 0.060441 0.021423
1 0.075371 0.490057 0.071471 0.022841
1 0.078126 0.546166 0.065959 0.024259
1 0.078126 0.640627 0.062276 0.020000
1 0.079962 0.687500 0.058606 0.022836
1 0.078124 0.716620 0.054929 0.024259
1 0.079965 0.744318 0.062282 0.020000
1 0.079047 0.762784 0.064118 0.022841
1 0.083641 0.778409 0.054929 0.020000
1 0.082724 0.806107 0.056765 0.024259
1 0.084559 0.822441 0.053094 0.025682
1 0.084559 0.835227 0.053094 0.025682
1 0.300553 0.936791 0.474047 0.021418
1 0.784009 0.940341 0.315959 0.022845
2 0.221506 0.186789 0.336400 0.038350
2 0.558824 0.186077 0.338235 0.039773
2 0.834559 0.185370 0.213235 0.035514
2 0.791359 0.218750 0.299635 0.031245
2 0.494482 0.220168 0.294118 0.028409
2 0.202206 0.222300 0.290435 0.032673
2 0.225185 0.273439 0.336394 0.029832
2 0.562500 0.273439 0.338235 0.029832
2 0.836397 0.275568 0.209559 0.034091
2 0.876838 0.311080 0.128676 0.036932
2 0.784926 0.311082 0.055147 0.034091
2 0.605700 0.309659 0.303306 0.031245
2 0.258274 0.306818 0.391547 0.034091
2 0.248159 0.340909 0.375000 0.031255
2 0.690256 0.342330 0.505512 0.031250