0 0.573192 0.107952 0.020000 0.020000
0 0.685498 0.109376 0.020000 0.020000
0 0.648063 0.251419 0.020000 0.020000
0 0.535765 0.248581 0.020000 0.020000
0 0.411765 0.237214 0.020000 0.020000
0 0.353278 0.251419 0.020000 0.020000
0 0.343914 0.228695 0.020000 0.020000
0 0.278408 0.232952 0.020000 0.020000
0 0.208220 0.228695 0.020000 0.020000
0 0.243318 0.427557 0.020000 0.020000
0 0.287765 0.426138 0.020000 0.020000
0 0.308824 0.444600 0.020000 0.020000
0 0.367310 0.446024 0.020000 0.020000
0 0.077208 0.553976 0.020000 0.020000
0 0.081882 0.566762 0.020000 0.020000
0 0.081882 0.579548 0.020000 0.020000
0 0.074863 0.595171 0.020000 0.020000
0 0.084227 0.606533 0.020000 0.020000
0 0.077208 0.623581 0.020000 0.020000
0 0.081882 0.632100 0.020000 0.020000
0 0.077208 0.646305 0.020000 0.020000
0 0.524063 0.646305 0.020000 0.020000
0 0.524063 0.633524 0.020000 0.020000
0 0.526400 0.622157 0.020000 0.020000
0 0.524063 0.609376 0.020000 0.020000
0 0.519388 0.596590 0.020000 0.020000
0 0.526400 0.580967 0.020000 0.020000
0 0.524063 0.572443 0.020000 0.020000
0 0.526400 0.552557 0.020000 0.020000
0 0.098259 0.933238 0.020000 0.020000
0 0.119318 0.934657 0.020000 0.020000
0 0.159090 0.934657 0.020000 0.020000
0 0.173129 0.936081 0.020000 0.020000
0 0.219922 0.933238 0.020000 0.020000
0 0.276071 0.933238 0.020000 0.020000
2 0.817682 0.845881 0.226941 0.026990
2 0.762702 0.936081 0.336902 0.048295
2 0.203541 0.954545 0.233953 0.008519