0 0.486248 0.799718 0.020000 0.020000
0 0.485152 0.693184 0.020000 0.020000
0 0.488442 0.613639 0.020000 0.020000
0 0.486248 0.522729 0.020000 0.020000
0 0.487345 0.419035 0.020000 0.020000
0 0.488442 0.316761 0.020000 0.020000
0 0.486248 0.214486 0.020000 0.020000
0 0.515885 0.218753 0.020000 0.020000
0 0.516982 0.319600 0.020000 0.020000
0 0.515885 0.419035 0.020000 0.020000
0 0.511491 0.517043 0.020000 0.020000
0 0.515885 0.612220 0.020000 0.020000
0 0.516982 0.698863 0.020000 0.020000
0 0.515885 0.801137 0.020000 0.020000
0 0.535642 0.801137 0.020000 0.020000
0 0.538933 0.701702 0.020000 0.020000
0 0.543321 0.606533 0.020000 0.020000
0 0.542224 0.524149 0.020000 0.020000
0 0.545521 0.420455 0.020000 0.020000
0 0.542224 0.323867 0.020000 0.020000
0 0.545521 0.221592 0.020000 0.020000
2 0.741445 0.214486 0.369897 0.102275
2 0.740897 0.316051 0.370994 0.100855
2 0.744739 0.418325 0.378679 0.103694
2 0.743642 0.522020 0.376485 0.103694
2 0.742542 0.607247 0.374285 0.066761
2 0.741994 0.693184 0.373188 0.105114
2 0.743642 0.798298 0.376485 0.102275