2 0.227024 0.691050 0.351106 0.041191
2 0.488053 0.690341 0.170953 0.042609
2 0.669118 0.698155 0.187506 0.032673
2 0.854779 0.696023 0.172794 0.034091
2 0.177388 0.122159 0.262871 0.031245
2 0.178309 0.154118 0.261029 0.032673
2 0.174632 0.183239 0.253676 0.025568
2 0.177388 0.210227 0.251835 0.028409
2 0.180147 0.241477 0.257353 0.031245
2 0.177391 0.272727 0.259194 0.034091
2 0.173715 0.303977 0.251841 0.028409
2 0.179229 0.333098 0.259188 0.032668
2 0.175550 0.364348 0.259194 0.029832
2 0.175550 0.394177 0.259194 0.029827
2 0.176471 0.424005 0.253671 0.029827
2 0.171874 0.455964 0.251841 0.034091
2 0.176471 0.490055 0.242647 0.034091
2 0.182903 0.515625 0.259194 0.036932
2 0.180147 0.550427 0.264706 0.032673
2 0.174632 0.580968 0.253676 0.028409
2 0.178312 0.609377 0.242647 0.028409
2 0.179229 0.638495 0.244482 0.029827
2 0.381432 0.122159 0.156253 0.034091
2 0.383274 0.156961 0.152571 0.035514
2 0.385112 0.184659 0.156247 0.022727
2 0.386029 0.209516 0.154412 0.026986
2 0.386029 0.240766 0.154412 0.035514
2 0.389706 0.273439 0.147059 0.029832
2 0.388788 0.305400 0.145224 0.034091
2 0.386950 0.335939 0.148900 0.026986
2 0.386029 0.362925 0.147059 0.026986
2 0.382353 0.395595 0.154412 0.026991
2 0.383274 0.425427 0.156253 0.032673
2 0.382353 0.458809 0.158094 0.034091
2 0.385109 0.487218 0.163606 0.022727
2 0.385109 0.517045 0.159924 0.034091
2 0.381432 0.546164 0.152571 0.024145
2 0.381435 0.574573 0.148894 0.032673
2 0.379597 0.605823 0.145218 0.029827
2 0.377756 0.639205 0.148900 0.039773
2 0.520218 0.122868 0.125000 0.029827
2 0.522059 0.156250 0.132353 0.028409
2 0.521138 0.183950 0.126841 0.026991
2 0.522976 0.212359 0.130518 0.026991
2 0.522976 0.240768 0.130518 0.026991
2 0.527571 0.271307 0.139706 0.031250
2 0.523897 0.301848 0.128676 0.029832
2 0.528494 0.335939 0.119482 0.038350
2 0.528494 0.366477 0.119482 0.022727
2 0.523897 0.392045 0.128676 0.028409
2 0.525735 0.421875 0.132353 0.031250
2 0.524815 0.454545 0.119488 0.028409
2 0.523894 0.483666 0.117647 0.029832
2 0.519300 0.516336 0.126835 0.035509
2 0.522059 0.547586 0.132353 0.026991
2 0.525735 0.574575 0.125000 0.026986
2 0.524818 0.602273 0.123165 0.028409
2 0.521141 0.631393 0.130518 0.029832
2 0.678312 0.122159 0.183824 0.031245
2 0.677391 0.152698 0.185665 0.029832
2 0.679226 0.183239 0.189335 0.031250
2 0.683824 0.211648 0.180141 0.025568
2 0.683824 0.242898 0.180141 0.036932
2 0.676471 0.274859 0.183824 0.026991
2 0.679226 0.304689 0.189335 0.032668
2 0.688418 0.333807 0.170953 0.025568
2 0.680147 0.364348 0.191176 0.029832
2 0.682903 0.391336 0.185665 0.024145
2 0.677388 0.421875 0.174635 0.036932
2 0.681985 0.452416 0.202206 0.032668
2 0.678309 0.482955 0.194853 0.028409
2 0.685662 0.515625 0.180147 0.036932
2 0.689338 0.546164 0.187500 0.024145
2 0.690256 0.575993 0.185665 0.035514
2 0.683824 0.606534 0.172800 0.025568
2 0.683824 0.634232 0.172800 0.029827
2 0.867647 0.125000 0.180141 0.025564
2 0.870403 0.149859 0.174629 0.026991
2 0.861215 0.184659 0.167276 0.028409
2 0.865809 0.210936 0.158088 0.024145
2 0.870403 0.240057 0.178312 0.031250
2 0.868565 0.271307 0.174635 0.025568
2 0.864888 0.301136 0.170953 0.034091
2 0.862129 0.333095 0.176471 0.029827
2 0.860294 0.362214 0.176471 0.028409
2 0.863053 0.395595 0.170953 0.038355
2 0.865809 0.426136 0.180147 0.025564
2 0.871324 0.453834 0.172788 0.029832
2 0.866726 0.484373 0.167276 0.034091
2 0.863053 0.514914 0.170953 0.029827
2 0.861215 0.544743 0.167276 0.029832
2 0.862132 0.575993 0.165441 0.032668
2 0.863050 0.606532 0.163606 0.028409
2 0.862132 0.637786 0.180147 0.028409