0 0.040441 0.071023 0.020000 0.020000
0 0.047794 0.082386 0.020000 0.020000
0 0.042282 0.133523 0.020000 0.020000
0 0.036765 0.146309 0.020000 0.020000
0 0.279412 0.149145 0.020000 0.020000
0 0.273894 0.137782 0.020000 0.020000
0 0.277576 0.116477 0.020000 0.020000
0 0.277576 0.103691 0.020000 0.020000
0 0.279412 0.076705 0.020000 0.020000
0 0.281247 0.068182 0.020000 0.020000
0 0.040441 0.098009 0.020000 0.020000
0 0.051471 0.113636 0.020000 0.020000
0 0.591912 0.071023 0.020000 0.020000
0 0.045953 0.250000 0.020000 0.020000
0 0.040441 0.267045 0.020000 0.020000
0 0.040441 0.281250 0.020000 0.020000
0 0.038600 0.299718 0.020000 0.020000
0 0.079047 0.207386 0.020000 0.020000
0 0.132353 0.204545 0.020000 0.020000
0 0.253676 0.204545 0.020000 0.020000
0 0.299635 0.207386 0.020000 0.020000
0 0.047794 0.342327 0.020000 0.020000
0 0.036765 0.357955 0.020000 0.020000
0 0.047794 0.369318 0.020000 0.020000
0 0.038600 0.384945 0.020000 0.020000
2 0.494485 0.564632 0.937500 0.211645
2 0.498165 0.745027 0.926471 0.149145
2 0.497241 0.890623 0.950365 0.142045