0 0.204047 0.267042 0.020000 0.020000
0 0.358455 0.268467 0.020000 0.020000
0 0.556988 0.265624 0.020000 0.020000
0 0.097427 0.322442 0.020000 0.020000
0 0.099263 0.338067 0.020000 0.020000
0 0.093749 0.362218 0.020000 0.020000
0 0.093749 0.387782 0.020000 0.020000
0 0.091914 0.433236 0.020000 0.020000
0 0.099263 0.481533 0.020000 0.020000
0 0.095584 0.501418 0.020000 0.020000
0 0.093749 0.522727 0.020000 0.020000
0 0.091914 0.551133 0.020000 0.020000
0 0.180149 0.565339 0.020000 0.020000
0 0.172792 0.583806 0.020000 0.020000
0 0.369482 0.589491 0.020000 0.020000
0 0.373161 0.572442 0.020000 0.020000
0 0.538604 0.565339 0.020000 0.020000
0 0.106620 0.705964 0.020000 0.020000
0 0.108455 0.741479 0.020000 0.020000
0 0.097427 0.786933 0.020000 0.020000
0 0.110290 0.811079 0.020000 0.020000
0 0.110290 0.870739 0.020000 0.020000
0 0.106620 0.926133 0.020000 0.020000
0 0.669114 0.862218 0.020000 0.020000
0 0.625004 0.869321 0.020000 0.020000
0 0.726102 0.863636 0.020000 0.020000
1 0.394302 0.526991 0.349043 0.022842
1 0.431984 0.789773 0.148675 0.028527
1 0.721506 0.784803 0.209333 0.024261
1 0.526655 0.848012 0.124776 0.020000
1 0.497243 0.911933 0.720369 0.025685
1 0.631435 0.948155 0.209333 0.024261
2 0.159008 0.833806 0.009184 0.028412