0 0.733630 0.406251 0.020000 0.020000
0 0.741670 0.443181 0.020000 0.020000
0 0.894428 0.410513 0.020000 0.020000
0 0.888397 0.446024 0.020000 0.020000
0 0.749710 0.163352 0.020000 0.020000
0 0.747701 0.076704 0.020000 0.020000
0 0.916534 0.083805 0.020000 0.020000
0 0.918548 0.166195 0.020000 0.020000
1 0.552737 0.203125 0.815941 0.020000
1 0.563790 0.244318 0.797852 0.022839
1 0.560774 0.273437 0.823981 0.021419
1 0.559773 0.303266 0.801869 0.021419
1 0.455251 0.448863 0.363702 0.022839
1 0.555750 0.492899 0.801869 0.020000
1 0.560774 0.527700 0.795838 0.021419
1 0.553739 0.556107 0.793829 0.024263
1 0.561782 0.584517 0.789806 0.021424
1 0.555750 0.617189 0.817949 0.024263
1 0.876340 0.683239 0.184815 0.022843
1 0.301494 0.745028 0.349631 0.021419
1 0.783878 0.742189 0.329534 0.021419
1 0.235163 0.795453 0.261192 0.025682