0 0.071694 0.796873 0.020000 0.020000
0 0.069853 0.811082 0.020000 0.020000
0 0.075365 0.829545 0.020000 0.020000
0 0.075365 0.840909 0.020000 0.020000
0 0.069853 0.853691 0.020000 0.020000
0 0.075365 0.869318 0.020000 0.020000
0 0.069853 0.880682 0.020000 0.020000
0 0.073529 0.907673 0.020000 0.020000
0 0.071694 0.923295 0.020000 0.020000
1 0.761029 0.815341 0.380294 0.025682
1 0.201285 0.137784 0.242429 0.022841
1 0.360294 0.164064 0.431765 0.021418
1 0.746324 0.161932 0.244271 0.020000
1 0.410847 0.803268 0.121106 0.024264
1 0.327206 0.831675 0.133965 0.021423
1 0.299632 0.857245 0.170735 0.021418
1 0.146141 0.900568 0.124776 0.022845
1 0.336397 0.901280 0.170735 0.021423
1 0.206803 0.914064 0.128453 0.021418
1 0.300550 0.928977 0.411547 0.022845
1 0.302391 0.945311 0.422571 0.021423
2 0.109374 0.508523 0.156253 0.031245
2 0.113050 0.535509 0.148900 0.022727
2 0.114888 0.561080 0.152576 0.031250
2 0.112132 0.591620 0.158088 0.029832
2 0.113053 0.620739 0.156247 0.025568
2 0.112132 0.646307 0.158088 0.025568
2 0.113053 0.675425 0.156247 0.029832
2 0.111215 0.703834 0.156253 0.026986
2 0.112132 0.732955 0.158088 0.031255
2 0.109376 0.762786 0.159929 0.028409
2 0.449450 0.507102 0.523900 0.025568
2 0.450371 0.536220 0.522059 0.032668
2 0.449450 0.566050 0.520218 0.026991
2 0.449450 0.593041 0.520218 0.026991
2 0.449450 0.620030 0.520218 0.029832
2 0.450368 0.647018 0.518382 0.024145
2 0.452206 0.675427 0.522059 0.032673
2 0.451285 0.703834 0.516547 0.026986
2 0.450365 0.732245 0.514706 0.032673
2 0.450365 0.761364 0.514706 0.025564
2 0.750000 0.509941 0.095588 0.028409
2 0.749079 0.539773 0.097429 0.031255
2 0.754597 0.565341 0.101100 0.022727
2 0.757353 0.590909 0.095588 0.028409
2 0.757353 0.619318 0.095588 0.022727
2 0.759191 0.645595 0.091912 0.029827
2 0.758271 0.673295 0.090071 0.025573
2 0.755512 0.700995 0.095588 0.026991
2 0.756432 0.730114 0.097429 0.031245
2 0.754597 0.759941 0.101100 0.028409
2 0.851106 0.759232 0.088235 0.026991
2 0.920959 0.759943 0.051471 0.025568
2 0.920959 0.732243 0.051471 0.029832
2 0.921876 0.703834 0.053306 0.026986
2 0.920038 0.674007 0.053312 0.032668
2 0.920038 0.644177 0.053312 0.029827
2 0.922794 0.615768 0.047800 0.026991
2 0.920953 0.588777 0.044118 0.026991
2 0.921876 0.560368 0.049635 0.029827
2 0.921876 0.532670 0.049635 0.025568
2 0.920959 0.506393 0.051471 0.026986
2 0.848347 0.508523 0.093753 0.031245
2 0.847426 0.534091 0.091912 0.019891
2 0.852024 0.561791 0.086400 0.032673
2 0.853859 0.591620 0.090071 0.026986
2 0.852021 0.617898 0.093747 0.025568
2 0.849265 0.644886 0.088235 0.028409
2 0.848344 0.671873 0.090076 0.022727
2 0.850182 0.703123 0.093753 0.028409
2 0.850182 0.730823 0.093753 0.026991