0 0.314341 0.032673 0.020000 0.020000
0 0.455882 0.041191 0.020000 0.020000
0 0.597424 0.031250 0.020000 0.020000
0 0.073529 0.265627 0.020000 0.020000
0 0.071694 0.598009 0.020000 0.020000
0 0.132353 0.599432 0.020000 0.020000
0 0.134188 0.625000 0.020000 0.020000
0 0.062500 0.627841 0.020000 0.020000
0 0.068012 0.900568 0.020000 0.020000
0 0.068012 0.808236 0.020000 0.020000
0 0.128676 0.808236 0.020000 0.020000
2 0.495406 0.832386 0.902576 0.093755
2 0.497244 0.505682 0.909924 0.071018
2 0.501841 0.417614 0.919118 0.090909
2 0.502759 0.654832 0.902576 0.176136