0 0.823529 0.671873 0.020000 0.020000
0 0.825365 0.694600 0.020000 0.020000
0 0.829043 0.715909 0.020000 0.020000
0 0.825365 0.738636 0.020000 0.020000
0 0.825365 0.750000 0.020000 0.020000
0 0.825365 0.776988 0.020000 0.020000
0 0.830886 0.792612 0.020000 0.020000
0 0.827208 0.821024 0.020000 0.020000
0 0.823529 0.832388 0.020000 0.020000
0 0.891545 0.840909 0.020000 0.020000
0 0.887867 0.819600 0.020000 0.020000
0 0.897059 0.794036 0.020000 0.020000
0 0.884188 0.772727 0.020000 0.020000
0 0.891545 0.757103 0.020000 0.020000
0 0.886031 0.734376 0.020000 0.020000
0 0.891545 0.718752 0.020000 0.020000
0 0.889710 0.698861 0.020000 0.020000
0 0.880518 0.666194 0.020000 0.020000
0 0.889710 0.306818 0.020000 0.020000
0 0.887867 0.274145 0.020000 0.020000
0 0.884188 0.242897 0.020000 0.020000
0 0.887867 0.220170 0.020000 0.020000
0 0.889710 0.207388 0.020000 0.020000
0 0.884188 0.186079 0.020000 0.020000
0 0.887867 0.166194 0.020000 0.020000
0 0.895224 0.127842 0.020000 0.020000
0 0.887867 0.085224 0.020000 0.020000
0 0.893380 0.062497 0.020000 0.020000
0 0.829043 0.311079 0.020000 0.020000
0 0.823529 0.274145 0.020000 0.020000
0 0.819851 0.247158 0.020000 0.020000
0 0.827208 0.228691 0.020000 0.020000
0 0.827208 0.207388 0.020000 0.020000
0 0.825365 0.187503 0.020000 0.020000
0 0.827208 0.157673 0.020000 0.020000
0 0.823529 0.123582 0.020000 0.020000
0 0.830886 0.079545 0.020000 0.020000
0 0.821694 0.061079 0.020000 0.020000
0 0.174635 0.457388 0.020000 0.020000
0 0.180149 0.474430 0.020000 0.020000
0 0.181984 0.488636 0.020000 0.020000
0 0.178306 0.501418 0.020000 0.020000
0 0.180149 0.508521 0.020000 0.020000
0 0.178306 0.522727 0.020000 0.020000
0 0.180149 0.534091 0.020000 0.020000
0 0.178306 0.542612 0.020000 0.020000
0 0.180149 0.563921 0.020000 0.020000
0 0.180149 0.575285 0.020000 0.020000
0 0.172792 0.589491 0.020000 0.020000
0 0.187498 0.613636 0.020000 0.020000
0 0.613969 0.400570 0.020000 0.020000
0 0.613969 0.420455 0.020000 0.020000
0 0.613969 0.428976 0.020000 0.020000
0 0.613969 0.440339 0.020000 0.020000
0 0.615812 0.461648 0.020000 0.020000
0 0.610290 0.471588 0.020000 0.020000
0 0.610290 0.488636 0.020000 0.020000
0 0.617647 0.498582 0.020000 0.020000
2 0.206800 0.411930 0.090071 0.025570
2 0.210475 0.438921 0.082722 0.028412
2 0.371325 0.411221 0.246322 0.024152
2 0.376839 0.437500 0.235294 0.028406
2 0.374078 0.468042 0.233459 0.029830
2 0.371322 0.493609 0.238973 0.021303
2 0.375000 0.519176 0.246329 0.029830
2 0.373165 0.547585 0.250000 0.026988
2 0.373165 0.574573 0.250000 0.026988
2 0.370408 0.600142 0.255514 0.024152
2 0.650737 0.601561 0.099263 0.026988
2 0.651655 0.573864 0.097427 0.028406
2 0.652573 0.547585 0.099263 0.024152
2 0.646137 0.521306 0.104776 0.028406
2 0.818016 0.412639 0.242651 0.026988
2 0.817098 0.438209 0.244486 0.024152
2 0.818012 0.468748 0.238973 0.034091
2 0.817094 0.498579 0.240808 0.025570
2 0.823529 0.522018 0.253678 0.021309
2 0.821690 0.546167 0.250000 0.026988
2 0.819851 0.573864 0.242651 0.028406
2 0.820773 0.598009 0.240808 0.019885