0 0.038600 0.663355 0.020000 0.020000
0 0.044118 0.678977 0.020000 0.020000
0 0.356618 0.657673 0.020000 0.020000
0 0.352941 0.676136 0.020000 0.020000
0 0.064341 0.765627 0.020000 0.020000
0 0.075365 0.829545 0.020000 0.020000
0 0.369482 0.826705 0.020000 0.020000
0 0.343753 0.352273 0.020000 0.020000
0 0.571694 0.348009 0.020000 0.020000
0 0.693012 0.363636 0.020000 0.020000
0 0.397059 0.427555 0.020000 0.020000
0 0.073529 0.480114 0.020000 0.020000
0 0.220588 0.424718 0.020000 0.020000
0 0.121324 0.363636 0.020000 0.020000
1 0.540441 0.730825 0.424412 0.021423
1 0.309744 0.933948 0.308606 0.021423
1 0.731618 0.931109 0.501612 0.021418
1 0.280329 0.611507 0.227718 0.021423
1 0.254597 0.630682 0.238747 0.022836