0 0.310659 0.039773 0.020000 0.020000
0 0.406247 0.034091 0.020000 0.020000
0 0.270224 0.194600 0.020000 0.020000
0 0.268382 0.215909 0.020000 0.020000
0 0.465071 0.197445 0.020000 0.020000
0 0.470588 0.220173 0.020000 0.020000
0 0.448529 0.438918 0.020000 0.020000
1 0.566176 0.436789 0.181765 0.024259
1 0.734374 0.437500 0.176253 0.025682
1 0.877756 0.436791 0.150512 0.021418
2 0.280332 0.110084 0.391547 0.126423
2 0.284006 0.250709 0.402576 0.044036
2 0.282168 0.302555 0.398900 0.056818
2 0.282168 0.345880 0.398900 0.029832
2 0.280332 0.384943 0.402571 0.048295
2 0.243565 0.431818 0.336400 0.045455
2 0.561579 0.061791 0.163606 0.024145
2 0.563421 0.090200 0.159924 0.032673
2 0.565259 0.128552 0.163600 0.044032
2 0.568015 0.169743 0.158088 0.038350
2 0.563418 0.208098 0.152576 0.035514
2 0.558824 0.242898 0.154412 0.031250
2 0.565256 0.272727 0.167276 0.028409
2 0.565259 0.303266 0.159929 0.032668
2 0.567094 0.333807 0.163600 0.031250
2 0.565259 0.364348 0.159929 0.026986
2 0.565259 0.393466 0.159929 0.031250
2 0.727941 0.394177 0.161765 0.029827
2 0.731618 0.363636 0.154412 0.031255
2 0.731618 0.334518 0.154412 0.032673
2 0.728862 0.303268 0.167276 0.029827
2 0.727941 0.274150 0.165435 0.028409
2 0.729776 0.243609 0.161765 0.032673
2 0.728859 0.208807 0.159929 0.036932
2 0.726100 0.171166 0.169118 0.041195