0 0.681984 0.501418 0.020000 0.020000
0 0.735294 0.509945 0.020000 0.020000
0 0.391545 0.539770 0.020000 0.020000
0 0.443012 0.541194 0.020000 0.020000
0 0.680149 0.596588 0.020000 0.020000
0 0.681984 0.610794 0.020000 0.020000
0 0.678306 0.630679 0.020000 0.020000
0 0.681984 0.647727 0.020000 0.020000
0 0.680149 0.663352 0.020000 0.020000
0 0.687498 0.683236 0.020000 0.020000
0 0.683827 0.737218 0.020000 0.020000
0 0.685663 0.754261 0.020000 0.020000
0 0.683827 0.768467 0.020000 0.020000
0 0.681984 0.788352 0.020000 0.020000
0 0.687498 0.805400 0.020000 0.020000
0 0.691176 0.826703 0.020000 0.020000
0 0.683827 0.845170 0.020000 0.020000
0 0.691176 0.860794 0.020000 0.020000
0 0.681984 0.873582 0.020000 0.020000
0 0.737129 0.876418 0.020000 0.020000
0 0.742643 0.859376 0.020000 0.020000
0 0.751835 0.845170 0.020000 0.020000
0 0.742643 0.823867 0.020000 0.020000
0 0.737129 0.805400 0.020000 0.020000
0 0.751835 0.788352 0.020000 0.020000
0 0.740808 0.769885 0.020000 0.020000
0 0.748165 0.757103 0.020000 0.020000
0 0.744486 0.741479 0.020000 0.020000
0 0.746322 0.684661 0.020000 0.020000
0 0.744486 0.663352 0.020000 0.020000
0 0.742643 0.644885 0.020000 0.020000
0 0.748165 0.630679 0.020000 0.020000
0 0.740808 0.616479 0.020000 0.020000
0 0.751835 0.593752 0.020000 0.020000
0 0.775733 0.450285 0.020000 0.020000
0 0.604776 0.453127 0.020000 0.020000
0 0.441176 0.454545 0.020000 0.020000
0 0.295953 0.451703 0.020000 0.020000
0 0.297796 0.423297 0.020000 0.020000
0 0.290439 0.409091 0.020000 0.020000
0 0.286761 0.386364 0.020000 0.020000
0 0.389702 0.383521 0.020000 0.020000
0 0.444855 0.404830 0.020000 0.020000
0 0.443012 0.421873 0.020000 0.020000
0 0.488973 0.387782 0.020000 0.020000
0 0.580878 0.384945 0.020000 0.020000
0 0.615812 0.404830 0.020000 0.020000
0 0.604776 0.419036 0.020000 0.020000
0 0.724267 0.387782 0.020000 0.020000
0 0.764706 0.403406 0.020000 0.020000
0 0.873161 0.386364 0.020000 0.020000
0 0.750000 0.335224 0.020000 0.020000
0 0.667278 0.333806 0.020000 0.020000
0 0.540439 0.315339 0.020000 0.020000
0 0.470588 0.319600 0.020000 0.020000
0 0.470588 0.296873 0.020000 0.020000
0 0.441176 0.278406 0.020000 0.020000
0 0.417278 0.296873 0.020000 0.020000
0 0.415443 0.315339 0.020000 0.020000
0 0.367647 0.338067 0.020000 0.020000
0 0.305145 0.332388 0.020000 0.020000
0 0.318016 0.279830 0.020000 0.020000
0 0.306988 0.261364 0.020000 0.020000
0 0.384188 0.264206 0.020000 0.020000
0 0.371325 0.282673 0.020000 0.020000
0 0.656251 0.284091 0.020000 0.020000
0 0.766541 0.278406 0.020000 0.020000
0 0.827208 0.296873 0.020000 0.020000
0 0.860298 0.281248 0.020000 0.020000
0 0.878675 0.308236 0.020000 0.020000
0 0.643380 0.177558 0.020000 0.020000
0 0.639702 0.154830 0.020000 0.020000
0 0.643380 0.142042 0.020000 0.020000
0 0.634188 0.115055 0.020000 0.020000
0 0.360290 0.214491 0.020000 0.020000
0 0.354776 0.198861 0.020000 0.020000
0 0.360290 0.176133 0.020000 0.020000
0 0.354776 0.161933 0.020000 0.020000
0 0.360290 0.137782 0.020000 0.020000
0 0.351106 0.120739 0.020000 0.020000
0 0.119482 0.125000 0.020000 0.020000
0 0.125004 0.136364 0.020000 0.020000
0 0.119482 0.154830 0.020000 0.020000
0 0.126839 0.178976 0.020000 0.020000
0 0.123161 0.193182 0.020000 0.020000
0 0.115812 0.227273 0.020000 0.020000
1 0.491725 0.903406 0.264486 0.020000
1 0.421875 0.584515 0.264486 0.021418
1 0.328125 0.562500 0.117427 0.022842
1 0.501839 0.563921 0.104557 0.020000
1 0.686580 0.566052 0.128455 0.021424
1 0.859373 0.568182 0.146839 0.022836
1 0.774816 0.549715 0.334337 0.025685
1 0.814341 0.529830 0.229561 0.020000
1 0.452204 0.530539 0.292063 0.027103
1 0.389706 0.509233 0.119271 0.021424
1 0.570773 0.460227 0.080667 0.025679
1 0.402573 0.461648 0.082494 0.020000
1 0.726102 0.460939 0.078824 0.027103
1 0.888788 0.461648 0.080667 0.020000
1 0.768380 0.430397 0.104557 0.025679
1 0.723345 0.414064 0.084337 0.021424
1 0.895220 0.414064 0.075145 0.021424
1 0.564337 0.411933 0.078824 0.025685
1 0.401655 0.412642 0.091686 0.021418
1 0.397980 0.427558 0.073310 0.025685
1 0.749082 0.269176 0.146839 0.024267
1 0.612133 0.290482 0.089851 0.024261
1 0.250000 0.131391 0.163388 0.021424
1 0.408086 0.075994 0.380298 0.024267
1 0.815259 0.077415 0.227725 0.021424
1 0.261031 0.148439 0.152353 0.024261
1 0.255518 0.164776 0.152353 0.020000
1 0.265627 0.181818 0.132133 0.020000
1 0.261949 0.200994 0.143161 0.021418
1 0.261949 0.219461 0.139490 0.021418
1 0.545957 0.218752 0.152353 0.020000
1 0.536765 0.200994 0.156024 0.021418
1 0.545957 0.185370 0.130298 0.027103
1 0.543200 0.168324 0.150510 0.021424
1 0.529412 0.149148 0.181757 0.031364
1 0.518384 0.129970 0.218525 0.021418
1 0.850180 0.132100 0.146839 0.022842
1 0.842827 0.145597 0.161545 0.021424
1 0.842831 0.164064 0.172580 0.021424
1 0.822612 0.183948 0.224047 0.024261