0 0.306988 0.048295 0.020000 0.020000
0 0.336400 0.048295 0.020000 0.020000
0 0.371324 0.048295 0.020000 0.020000
0 0.433824 0.046873 0.020000 0.020000
0 0.450365 0.045455 0.020000 0.020000
0 0.503676 0.048295 0.020000 0.020000
0 0.533088 0.045455 0.020000 0.020000
0 0.556988 0.045455 0.020000 0.020000
0 0.588235 0.046873 0.020000 0.020000
1 0.556065 0.739345 0.264482 0.021418
2 0.229779 0.614348 0.371324 0.026986
2 0.598344 0.615057 0.365806 0.025568
2 0.868565 0.615057 0.174635 0.025568
2 0.793200 0.661932 0.325365 0.068182
2 0.475182 0.663350 0.332718 0.062500
2 0.180147 0.661223 0.253682 0.072445
2 0.501835 0.316050 0.897059 0.484373