0 0.082718 0.316764 0.020000 0.020000
0 0.167282 0.319600 0.020000 0.020000
0 0.064341 0.352273 0.020000 0.020000
0 0.073529 0.367900 0.020000 0.020000
0 0.158088 0.353691 0.020000 0.020000
0 0.161765 0.375000 0.020000 0.020000
0 0.306988 0.352273 0.020000 0.020000
0 0.308824 0.373582 0.020000 0.020000
0 0.084559 0.565341 0.020000 0.020000
0 0.143382 0.565341 0.020000 0.020000
0 0.402576 0.561082 0.020000 0.020000
0 0.463235 0.568182 0.020000 0.020000
0 0.661765 0.568182 0.020000 0.020000
0 0.748165 0.566764 0.020000 0.020000
0 0.080882 0.737218 0.020000 0.020000
0 0.143382 0.734373 0.020000 0.020000
0 0.086400 0.779827 0.020000 0.020000
0 0.147059 0.781250 0.020000 0.020000
0 0.079047 0.816764 0.020000 0.020000
0 0.079047 0.843750 0.020000 0.020000
0 0.077206 0.867900 0.020000 0.020000
0 0.075365 0.894886 0.020000 0.020000
0 0.075365 0.917614 0.020000 0.020000
0 0.077206 0.944600 0.020000 0.020000
1 0.395221 0.924716 0.428088 0.022841
1 0.738971 0.850852 0.347212 0.022841
2 0.763785 0.768466 0.387865 0.048295
2 0.233453 0.282670 0.375000 0.036932
2 0.577206 0.284800 0.312506 0.032673
2 0.846506 0.280539 0.218753 0.035514
2 0.838235 0.312500 0.227941 0.028409
2 0.582718 0.315341 0.308824 0.028409
2 0.557903 0.368607 0.273900 0.049714
2 0.821691 0.370027 0.253676 0.046873
2 0.371324 0.453123 0.654412 0.119318
2 0.503676 0.605823 0.911765 0.026991
2 0.727021 0.639205 0.446688 0.031245
2 0.272979 0.638493 0.461394 0.032668
2 0.160847 0.675427 0.233459 0.046873
2 0.395221 0.678266 0.224265 0.044032
2 0.621324 0.679686 0.227941 0.041191
2 0.847426 0.681107 0.216912 0.038350