0 0.363971 0.221591 0.020000 0.020000
0 0.369482 0.235795 0.020000 0.020000
0 0.431988 0.220173 0.020000 0.020000
0 0.435659 0.242900 0.020000 0.020000
2 0.719668 0.220173 0.156253 0.045455
2 0.865806 0.223014 0.139706 0.051136
2 0.863971 0.258523 0.150741 0.031245
2 0.865812 0.294743 0.147059 0.041195
2 0.864888 0.328125 0.156247 0.031250
2 0.862132 0.357955 0.150735 0.028409
2 0.867647 0.389916 0.143388 0.035514
2 0.866726 0.423295 0.141547 0.031245
2 0.866726 0.455255 0.141547 0.032673
2 0.867647 0.486507 0.139706 0.032668
2 0.789524 0.523439 0.288600 0.029832
2 0.866726 0.552557 0.141547 0.031250
2 0.864888 0.588068 0.141541 0.039773
2 0.867647 0.622868 0.147059 0.029827
2 0.867647 0.654827 0.139706 0.034091
2 0.869485 0.684659 0.143382 0.025573
2 0.864891 0.713068 0.145218 0.034091
2 0.795038 0.750709 0.299629 0.035509
2 0.871324 0.787643 0.147059 0.032668
2 0.867647 0.818893 0.154412 0.029832
2 0.865809 0.850143 0.158088 0.035514
2 0.871324 0.882811 0.147059 0.032668
2 0.872244 0.913352 0.145218 0.031250
2 0.716912 0.259943 0.143376 0.031250
2 0.715991 0.292614 0.145218 0.034091
2 0.719671 0.325284 0.145224 0.025568
2 0.717832 0.355114 0.145218 0.036936
2 0.722429 0.389205 0.154412 0.031245
2 0.719671 0.421873 0.159929 0.034091
2 0.711394 0.455968 0.154412 0.028409
2 0.719668 0.490768 0.152571 0.038355
2 0.721506 0.555395 0.148894 0.028409
2 0.723344 0.585936 0.148900 0.032673
2 0.722424 0.620027 0.147059 0.035509
2 0.725185 0.654120 0.148900 0.038350
2 0.720588 0.687500 0.158094 0.028409
2 0.717832 0.718041 0.148900 0.029827
2 0.720588 0.781961 0.143388 0.032668
2 0.717832 0.813918 0.145218 0.034091
2 0.718753 0.848009 0.147059 0.034091
2 0.718753 0.882100 0.147059 0.034091
2 0.719671 0.915482 0.148894 0.032673