0 0.568012 0.232955 0.020000 0.020000
0 0.564341 0.248582 0.020000 0.020000
0 0.509188 0.433236 0.020000 0.020000
0 0.593753 0.433236 0.020000 0.020000
1 0.793200 0.712357 0.139482 0.021423
1 0.500918 0.576705 0.929929 0.020000
1 0.500000 0.593041 0.931765 0.024264
1 0.502756 0.607243 0.929924 0.024259
2 0.289521 0.651986 0.148900 0.028409
2 0.506432 0.650568 0.284924 0.028409
2 0.801471 0.650568 0.305153 0.028409
2 0.238053 0.909091 0.376835 0.028409
2 0.619485 0.908380 0.386029 0.029832
2 0.886029 0.909800 0.147059 0.032673
2 0.886029 0.939632 0.147059 0.026991
2 0.427391 0.939632 0.770218 0.026991
2 0.159006 0.210939 0.240812 0.029832
2 0.499082 0.212357 0.454047 0.032668
2 0.845588 0.212357 0.238965 0.032668
2 0.846506 0.241477 0.237129 0.025573
2 0.262868 0.245027 0.437500 0.032673