0 0.207718 0.444600 0.020000 0.020000
0 0.306988 0.448864 0.020000 0.020000
0 0.420953 0.451705 0.020000 0.020000
0 0.641541 0.451705 0.020000 0.020000
0 0.525735 0.474432 0.020000 0.020000
0 0.354776 0.473009 0.020000 0.020000
0 0.115812 0.475855 0.020000 0.020000
1 0.544118 0.361507 0.678094 0.021423
1 0.574447 0.392755 0.610071 0.021418
1 0.526653 0.421166 0.716694 0.024259
1 0.761029 0.485795 0.244271 0.025682
1 0.774818 0.511364 0.201988 0.022836
1 0.641541 0.541905 0.475882 0.024264
1 0.600182 0.570311 0.558600 0.021423
1 0.493568 0.593750 0.779194 0.022845
1 0.669118 0.656961 0.409706 0.021423