0 0.222424 0.096591 0.020000 0.020000
0 0.376835 0.096591 0.020000 0.020000
0 0.498165 0.096591 0.020000 0.020000
0 0.672794 0.096591 0.020000 0.020000
0 0.803306 0.098009 0.020000 0.020000
0 0.351106 0.113636 0.020000 0.020000
0 0.231618 0.113636 0.020000 0.020000
1 0.395221 0.088780 0.685441 0.021423
2 0.833638 0.073152 0.207724 0.029832
2 0.831800 0.136364 0.207718 0.028409
2 0.391544 0.133523 0.672794 0.028409
2 0.532168 0.233666 0.115806 0.015623
2 0.648897 0.233664 0.121324 0.012782
2 0.766541 0.234375 0.117647 0.014205
2 0.882353 0.234375 0.113976 0.014205
2 0.531250 0.250000 0.113971 0.017045
2 0.647976 0.248580 0.115812 0.014205
2 0.768382 0.249289 0.121329 0.015623
2 0.885112 0.250000 0.112129 0.011364
2 0.649815 0.264914 0.115806 0.018464
2 0.764706 0.267045 0.121318 0.014200
2 0.886950 0.264205 0.119488 0.017045
2 0.524815 0.293325 0.115806 0.012786
2 0.647059 0.280541 0.117647 0.015627
2 0.765624 0.280541 0.119482 0.018464
2 0.884188 0.280539 0.117647 0.012786
2 0.643382 0.293323 0.113965 0.015627
2 0.767462 0.294743 0.115806 0.015623
2 0.529412 0.308950 0.121318 0.018464
2 0.644300 0.308241 0.112129 0.017045
2 0.767465 0.309659 0.108459 0.019882
2 0.526653 0.324573 0.112129 0.012782
2 0.646141 0.323864 0.119482 0.017045
2 0.762865 0.323864 0.125000 0.014200
2 0.878676 0.323864 0.128671 0.014200
2 0.884188 0.307527 0.117647 0.012782
2 0.886950 0.294034 0.115806 0.014205
2 0.530329 0.270595 0.115812 0.026991
2 0.530329 0.343041 0.119482 0.015627
2 0.649815 0.340200 0.119488 0.012782
2 0.763788 0.339489 0.119482 0.019886
2 0.884191 0.341620 0.113971 0.015623
2 0.882353 0.357955 0.117647 0.017045
2 0.764706 0.358666 0.117647 0.015623
2 0.647059 0.356536 0.117647 0.011364
2 0.529412 0.356536 0.117647 0.011364
2 0.530329 0.370741 0.119482 0.017045
2 0.648894 0.371450 0.117647 0.015627
2 0.767462 0.371450 0.119488 0.015627
2 0.886029 0.372159 0.117647 0.014209
2 0.884191 0.386364 0.113971 0.014200
2 0.880515 0.409800 0.121324 0.032673
2 0.878676 0.433239 0.117647 0.014205
2 0.881432 0.448152 0.112135 0.015623
2 0.881432 0.463068 0.112135 0.014209
2 0.879597 0.478695 0.115806 0.017045
2 0.878676 0.494318 0.113965 0.014200
2 0.880512 0.508523 0.110294 0.014209
2 0.880512 0.522727 0.110294 0.014200
2 0.877756 0.538350 0.115806 0.017045
2 0.879597 0.552555 0.119488 0.011364
2 0.884194 0.568891 0.110294 0.021309
2 0.884194 0.598723 0.110294 0.041191
2 0.881435 0.633523 0.115812 0.031245
2 0.880515 0.673295 0.113971 0.048300
2 0.881432 0.720173 0.112135 0.045455
2 0.879594 0.748582 0.108459 0.011364
2 0.878676 0.763495 0.117647 0.018464
2 0.879597 0.777700 0.119488 0.009945
2 0.879597 0.792614 0.119488 0.017045
2 0.878676 0.811080 0.117647 0.019886
2 0.878676 0.826705 0.117647 0.011364
2 0.879597 0.840198 0.119488 0.015623
2 0.884191 0.856532 0.113971 0.017045
2 0.881432 0.879259 0.108453 0.028409
2 0.883274 0.901277 0.108453 0.015627
2 0.884188 0.917614 0.117647 0.017045
2 0.885109 0.932527 0.115806 0.012782
2 0.765626 0.930398 0.126841 0.014205
2 0.645221 0.932530 0.121324 0.015623
2 0.528491 0.933948 0.123159 0.012786
2 0.528491 0.387073 0.126841 0.012782
2 0.529412 0.411223 0.121318 0.026991
2 0.524815 0.431818 0.119488 0.014200
2 0.528491 0.447441 0.112135 0.017045
2 0.530329 0.462357 0.115812 0.012786
2 0.531250 0.476561 0.113971 0.015623
2 0.533088 0.492898 0.113965 0.014205
2 0.530329 0.505682 0.119482 0.014200
2 0.532171 0.520595 0.123165 0.015627
2 0.527576 0.537641 0.117647 0.018464
2 0.531253 0.553977 0.125000 0.014209
2 0.533088 0.568893 0.113965 0.015623
2 0.527571 0.598720 0.110294 0.044032
2 0.526653 0.712357 0.112129 0.183241
2 0.528494 0.812500 0.119482 0.017045
2 0.528494 0.828125 0.115812 0.014205
2 0.530329 0.843041 0.115812 0.015627
2 0.528494 0.858666 0.115812 0.015623
2 0.532168 0.879259 0.115806 0.028409
2 0.528491 0.903409 0.123159 0.019891
2 0.531253 0.919743 0.125000 0.015623
2 0.648894 0.387075 0.117647 0.015623
2 0.767462 0.387075 0.119488 0.015623
2 0.650735 0.411220 0.121329 0.032668
2 0.652571 0.432527 0.110294 0.012782
2 0.645218 0.448152 0.125000 0.018468
2 0.641541 0.462357 0.117647 0.009941
2 0.764706 0.410509 0.113976 0.034091
2 0.771138 0.431109 0.108453 0.012782
2 0.765624 0.446023 0.119482 0.014209
2 0.767462 0.459518 0.115806 0.012782
2 0.647059 0.522727 0.121318 0.017045
2 0.765626 0.508523 0.112135 0.011364
2 0.648897 0.509234 0.121324 0.012786
2 0.646141 0.492189 0.115812 0.012786
2 0.645224 0.477273 0.117647 0.017045
2 0.767465 0.475852 0.108459 0.014205
2 0.766544 0.494318 0.113971 0.014200
2 0.770221 0.519886 0.106618 0.017045
2 0.764706 0.536932 0.113976 0.011364
2 0.761029 0.554686 0.121329 0.015627
2 0.762871 0.569602 0.117647 0.014205
2 0.761029 0.598011 0.113965 0.042614
2 0.763785 0.636364 0.112135 0.031255
2 0.766547 0.674718 0.110294 0.045455
2 0.764706 0.718750 0.113976 0.045455
2 0.765624 0.750000 0.115812 0.011364
2 0.764706 0.766336 0.110294 0.021309
2 0.765626 0.782673 0.112135 0.011364
2 0.765626 0.794745 0.112135 0.012782
2 0.766544 0.809659 0.113971 0.017045
2 0.764706 0.824573 0.117647 0.012782
2 0.762868 0.838777 0.113971 0.015627
2 0.763788 0.854405 0.115812 0.015627
2 0.761947 0.879264 0.112129 0.034091
2 0.762868 0.901989 0.128676 0.014205
2 0.762868 0.916902 0.121324 0.012786
2 0.646141 0.536932 0.119482 0.017045
2 0.650735 0.555395 0.117647 0.017045
2 0.649818 0.568891 0.108459 0.009945
2 0.643382 0.598723 0.121329 0.049718
2 0.647059 0.638495 0.128682 0.029827
2 0.649818 0.676136 0.123165 0.045455
2 0.647976 0.720882 0.119482 0.044036
2 0.647059 0.750000 0.117647 0.014200
2 0.647976 0.764914 0.119482 0.015627
2 0.647976 0.780541 0.119482 0.015627
2 0.648894 0.795455 0.117647 0.014200
2 0.650735 0.811077 0.117647 0.017045
2 0.648897 0.825282 0.113971 0.011364
2 0.647059 0.839486 0.121318 0.017045
2 0.651653 0.854402 0.123165 0.012786
2 0.643382 0.880682 0.110294 0.025564
2 0.646141 0.904832 0.115812 0.017045