0 0.591912 0.872159 0.020000 0.020000
0 0.584559 0.887782 0.020000 0.020000
2 0.277571 0.865768 0.242647 0.063918
2 0.445771 0.865059 0.093753 0.062500
2 0.749079 0.866477 0.215076 0.051136
2 0.908088 0.864345 0.102941 0.058236
2 0.279412 0.910511 0.238965 0.031250
2 0.448529 0.911223 0.088235 0.026991
2 0.741729 0.909802 0.237129 0.041195
2 0.909006 0.910514 0.097424 0.039773
2 0.673712 0.940341 0.376835 0.031245
2 0.104779 0.454545 0.128676 0.028409
2 0.226100 0.452416 0.095588 0.024150
2 0.339153 0.453125 0.130518 0.025568
2 0.445771 0.455255 0.093753 0.021309
2 0.548715 0.453125 0.119488 0.025568
2 0.667279 0.452414 0.113971 0.029827
2 0.786765 0.453836 0.125000 0.032673
2 0.892465 0.450993 0.097424 0.035514
2 0.280329 0.512075 0.439341 0.095168
2 0.726103 0.517045 0.459559 0.085227
2 0.265624 0.227984 0.457718 0.029832
2 0.588235 0.227984 0.187506 0.029832
2 0.739891 0.227984 0.115806 0.029832
2 0.875921 0.227984 0.156253 0.029832
2 0.875921 0.110086 0.152571 0.075282
2 0.727941 0.171877 0.463235 0.051136
2 0.266541 0.171877 0.455882 0.051136
2 0.419118 0.117900 0.761035 0.056818
2 0.292279 0.273439 0.393382 0.029832
2 0.754597 0.272018 0.398900 0.024145
2 0.751841 0.315341 0.404412 0.062500
2 0.302391 0.317473 0.387865 0.055400
2 0.282168 0.641336 0.443018 0.055400
2 0.652571 0.643466 0.345588 0.059659
2 0.889706 0.636364 0.121318 0.059655
2 0.187500 0.694602 0.301471 0.031250
2 0.420035 0.695314 0.163600 0.029827
2 0.655332 0.699575 0.314335 0.026986
2 0.883274 0.699575 0.141547 0.026986
2 0.647059 0.727273 0.610294 0.028409
2 0.191176 0.728693 0.297788 0.025568
2 0.116726 0.770595 0.152571 0.061082
2 0.257353 0.775568 0.132353 0.056818
2 0.390624 0.776280 0.134188 0.058241
2 0.704962 0.776991 0.494488 0.056818
2 0.911765 0.936789 0.102941 0.029832
2 0.524815 0.321734 0.060665 0.058241
2 0.525735 0.274859 0.047800 0.018464
2 0.498162 0.395598 0.937500 0.092332