0 0.665441 0.630682 0.020000 0.020000
0 0.667282 0.585227 0.020000 0.020000
0 0.659929 0.612218 0.020000 0.020000
0 0.827206 0.588068 0.020000 0.020000
0 0.832718 0.602273 0.020000 0.020000
0 0.433824 0.545455 0.020000 0.020000
0 0.060659 0.544036 0.020000 0.020000
0 0.069853 0.458809 0.020000 0.020000
0 0.066176 0.473009 0.020000 0.020000
0 0.066176 0.488636 0.020000 0.020000
0 0.356618 0.460227 0.020000 0.020000
0 0.360294 0.495736 0.020000 0.020000
0 0.665441 0.271309 0.020000 0.020000
0 0.661765 0.291191 0.020000 0.020000
0 0.661765 0.319600 0.020000 0.020000
0 0.821694 0.274145 0.020000 0.020000
0 0.825365 0.294036 0.020000 0.020000
0 0.420953 0.227273 0.020000 0.020000
0 0.068012 0.231536 0.020000 0.020000
0 0.066176 0.177555 0.020000 0.020000
0 0.073529 0.159091 0.020000 0.020000
0 0.060659 0.143464 0.020000 0.020000
0 0.351106 0.146309 0.020000 0.020000
0 0.358459 0.171873 0.020000 0.020000
1 0.271141 0.854405 0.371106 0.024264
1 0.624082 0.856534 0.213012 0.022841
2 0.249082 0.612927 0.395224 0.115055
2 0.544118 0.617189 0.194847 0.123577
2 0.602021 0.530539 0.215076 0.046877
2 0.831803 0.473720 0.244488 0.078123
2 0.830882 0.531250 0.235294 0.045455
2 0.598347 0.414773 0.211400 0.031255
2 0.828126 0.412643 0.248159 0.035514
2 0.831803 0.376420 0.240806 0.036932
2 0.375000 0.375000 0.650729 0.031255
2 0.268382 0.415484 0.437494 0.049714
2 0.248159 0.301136 0.404412 0.110800
2 0.549629 0.303977 0.198529 0.105118
2 0.600182 0.218750 0.211400 0.036936
2 0.835476 0.215200 0.244482 0.044036
2 0.831800 0.157670 0.251835 0.071023
2 0.831800 0.101561 0.251835 0.041195
2 0.834559 0.064630 0.246318 0.032668
2 0.378676 0.064630 0.665447 0.032668
2 0.272059 0.102273 0.452212 0.036927