0 0.667282 0.205964 0.020000 0.020000
0 0.761029 0.205964 0.020000 0.020000
0 0.670953 0.245736 0.020000 0.020000
0 0.766541 0.245736 0.020000 0.020000
0 0.856618 0.242900 0.020000 0.020000
0 0.047794 0.281250 0.020000 0.020000
0 0.055147 0.296873 0.020000 0.020000
0 0.053306 0.311082 0.020000 0.020000
0 0.053306 0.346591 0.020000 0.020000
0 0.053306 0.375000 0.020000 0.020000
0 0.047794 0.359373 0.020000 0.020000
0 0.363971 0.296873 0.020000 0.020000
0 0.363971 0.315341 0.020000 0.020000
0 0.363971 0.349432 0.020000 0.020000
0 0.358459 0.370736 0.020000 0.020000
0 0.658088 0.281250 0.020000 0.020000
0 0.656247 0.296873 0.020000 0.020000
0 0.356618 0.285509 0.020000 0.020000
1 0.340994 0.165482 0.617424 0.021418
1 0.340994 0.194600 0.617424 0.020000
1 0.232535 0.227982 0.393165 0.021418
1 0.448529 0.230114 0.075153 0.022845
1 0.558824 0.228691 0.178094 0.020000
1 0.341912 0.256391 0.619259 0.021418
1 0.801471 0.167614 0.321471 0.022845
1 0.899818 0.213068 0.132129 0.022845
2 0.802388 0.502132 0.145224 0.029827
2 0.919118 0.503550 0.084565 0.026991
2 0.805147 0.534800 0.139706 0.024145
2 0.922794 0.533380 0.088235 0.026986
2 0.799632 0.561791 0.143382 0.024145
2 0.801471 0.595882 0.147059 0.032673
2 0.920956 0.594459 0.084559 0.026991
2 0.804229 0.625000 0.141541 0.025564
2 0.920959 0.625000 0.080882 0.028409
2 0.799629 0.656959 0.139706 0.026991
2 0.919118 0.656250 0.080882 0.025573
2 0.804229 0.686791 0.137871 0.024145
2 0.921874 0.684659 0.086394 0.028409
2 0.797794 0.712357 0.147059 0.032668
2 0.919118 0.713068 0.088235 0.028409
2 0.803309 0.746448 0.136029 0.021305
2 0.916359 0.742895 0.082718 0.028409
2 0.802388 0.783380 0.134188 0.041195
2 0.802391 0.822443 0.141547 0.031250
2 0.916359 0.563920 0.093753 0.031250
2 0.237132 0.894175 0.386029 0.046877
2 0.597426 0.897016 0.334559 0.049714
2 0.803309 0.902700 0.077206 0.032673
2 0.902574 0.902700 0.121324 0.035509
2 0.296874 0.411223 0.457724 0.026991
2 0.758271 0.411220 0.409929 0.024150
2 0.756432 0.357245 0.402571 0.044036