0 0.295953 0.379261 0.020000 0.020000
0 0.297796 0.392048 0.020000 0.020000
0 0.242651 0.518467 0.020000 0.020000
0 0.303310 0.521309 0.020000 0.020000
0 0.507357 0.089491 0.020000 0.020000
0 0.584557 0.090909 0.020000 0.020000
0 0.665443 0.089491 0.020000 0.020000
0 0.742643 0.092327 0.020000 0.020000
0 0.810659 0.089491 0.020000 0.020000
0 0.898894 0.089491 0.020000 0.020000
0 0.825365 0.102273 0.020000 0.020000
0 0.753678 0.100855 0.020000 0.020000
0 0.663600 0.100855 0.020000 0.020000
0 0.588235 0.102273 0.020000 0.020000
0 0.512871 0.103691 0.020000 0.020000
0 0.437498 0.262782 0.020000 0.020000
0 0.474267 0.262782 0.020000 0.020000
0 0.507357 0.262782 0.020000 0.020000
0 0.533090 0.259945 0.020000 0.020000
0 0.560659 0.258521 0.020000 0.020000
0 0.593749 0.259945 0.020000 0.020000
0 0.628675 0.258521 0.020000 0.020000
0 0.656251 0.258521 0.020000 0.020000
0 0.689341 0.262782 0.020000 0.020000
0 0.711396 0.261364 0.020000 0.020000
0 0.748165 0.259945 0.020000 0.020000
0 0.783090 0.261364 0.020000 0.020000
0 0.806988 0.259945 0.020000 0.020000
0 0.847427 0.261364 0.020000 0.020000
0 0.865812 0.262782 0.020000 0.020000
0 0.897059 0.265624 0.020000 0.020000
0 0.937498 0.261364 0.020000 0.020000
0 0.216910 0.278406 0.020000 0.020000
0 0.323529 0.276988 0.020000 0.020000
0 0.079043 0.686079 0.020000 0.020000
0 0.125004 0.680400 0.020000 0.020000
0 0.584557 0.683236 0.020000 0.020000
0 0.632353 0.683236 0.020000 0.020000
1 0.290439 0.967327 0.361914 0.020000
1 0.625922 0.968039 0.146839 0.021424
1 0.498161 0.941761 0.898675 0.022842
1 0.110294 0.484376 0.119271 0.022836
1 0.074447 0.384942 0.062275 0.022842
1 0.802388 0.139915 0.341686 0.021418
1 0.855698 0.155539 0.242424 0.021418
1 0.529412 0.155539 0.189114 0.024267
1 0.800549 0.223012 0.157867 0.020000
1 0.556067 0.295455 0.268165 0.020000
1 0.827204 0.308239 0.281027 0.022842
1 0.687498 0.334515 0.549412 0.021418
1 0.152573 0.311788 0.060439 0.021418
1 0.262867 0.313209 0.064118 0.024261
1 0.244486 0.149148 0.354557 0.022842
1 0.238969 0.185370 0.347208 0.021418
1 0.243565 0.232245 0.345373 0.021424
1 0.680145 0.875000 0.170737 0.020000
1 0.696690 0.864348 0.067796 0.024261
1 0.797792 0.861506 0.093529 0.021424
1 0.879596 0.860794 0.058596 0.020000
1 0.863973 0.872870 0.133969 0.021424
1 0.731620 0.841621 0.417059 0.024261
1 0.729780 0.815342 0.439122 0.022842
1 0.731616 0.789061 0.439122 0.021418
1 0.731616 0.759233 0.431765 0.021424
1 0.733455 0.732955 0.428086 0.025679
1 0.732537 0.704545 0.433608 0.022836
1 0.667278 0.671164 0.306761 0.021418
1 0.735294 0.632812 0.428094 0.021418
1 0.734376 0.611506 0.429929 0.021424
1 0.732533 0.580255 0.440957 0.021418
1 0.733455 0.547585 0.435443 0.024261
1 0.268380 0.546164 0.435443 0.021418
1 0.272976 0.579545 0.444635 0.020000
1 0.272059 0.611506 0.424416 0.021424
1 0.190259 0.639206 0.286541 0.025685
1 0.262871 0.706676 0.450149 0.024261
1 0.268384 0.730112 0.431765 0.031364
1 0.270224 0.762782 0.435443 0.020000
1 0.272059 0.790482 0.439114 0.021424
1 0.264706 0.815339 0.442792 0.020000
1 0.270224 0.841618 0.435443 0.021418
1 0.230698 0.862218 0.069631 0.020000
1 0.336396 0.860794 0.126612 0.020000
1 0.428310 0.859376 0.053090 0.025685
1 0.218749 0.875000 0.159710 0.020000
1 0.404416 0.870739 0.167059 0.022836
2 0.176471 0.903409 0.227937 0.017048
2 0.398898 0.904121 0.216918 0.015624
2 0.615812 0.904827 0.216910 0.011364
2 0.832722 0.904121 0.216910 0.015624
2 0.172796 0.421876 0.209561 0.014200
2 0.391545 0.421164 0.227937 0.015624
2 0.610294 0.421164 0.209561 0.015624
2 0.832722 0.422585 0.235294 0.012782
2 0.137867 0.446021 0.147059 0.011364
2 0.289522 0.445312 0.156251 0.012782
2 0.413604 0.445312 0.091914 0.012782
2 0.590075 0.447442 0.261027 0.008521
2 0.834561 0.448864 0.231616 0.008527
2 0.834561 0.459518 0.231616 0.012782
2 0.590071 0.458806 0.264706 0.017042
2 0.413600 0.458806 0.088235 0.017042
2 0.288600 0.460227 0.161765 0.014200
2 0.141545 0.460939 0.143388 0.015624