0 0.073529 0.147727 0.020000 0.020000
0 0.102941 0.144886 0.020000 0.020000
0 0.126835 0.147727 0.020000 0.020000
0 0.161765 0.147727 0.020000 0.020000
0 0.181988 0.147727 0.020000 0.020000
0 0.220588 0.149145 0.020000 0.020000
0 0.205882 0.149145 0.020000 0.020000
0 0.251835 0.149145 0.020000 0.020000
0 0.284929 0.150568 0.020000 0.020000
0 0.316176 0.144886 0.020000 0.020000
0 0.340071 0.146309 0.020000 0.020000
0 0.371324 0.143464 0.020000 0.020000
0 0.426471 0.144886 0.020000 0.020000
0 0.450365 0.146309 0.020000 0.020000
0 0.476106 0.146309 0.020000 0.020000
0 0.507353 0.146309 0.020000 0.020000
0 0.538600 0.147727 0.020000 0.020000
0 0.571694 0.146309 0.020000 0.020000
0 0.595588 0.149145 0.020000 0.020000
0 0.625000 0.149145 0.020000 0.020000
0 0.663600 0.149145 0.020000 0.020000
0 0.680147 0.146309 0.020000 0.020000
0 0.705882 0.147727 0.020000 0.020000
0 0.744482 0.147727 0.020000 0.020000
0 0.770224 0.147727 0.020000 0.020000
0 0.788600 0.150568 0.020000 0.020000
0 0.818012 0.147727 0.020000 0.020000
0 0.849265 0.146309 0.020000 0.020000
0 0.876835 0.147727 0.020000 0.020000
0 0.893382 0.147727 0.020000 0.020000
0 0.933824 0.149145 0.020000 0.020000
0 0.358459 0.181818 0.020000 0.020000
0 0.325365 0.186082 0.020000 0.020000
0 0.295953 0.188918 0.020000 0.020000
0 0.259188 0.183236 0.020000 0.020000
0 0.204047 0.188918 0.020000 0.020000
0 0.181988 0.184659 0.020000 0.020000
0 0.126835 0.180400 0.020000 0.020000
0 0.101106 0.184659 0.020000 0.020000
0 0.066176 0.178977 0.020000 0.020000
0 0.066176 0.279827 0.020000 0.020000
0 0.137871 0.276991 0.020000 0.020000
0 0.069853 0.690341 0.020000 0.020000
0 0.069853 0.707386 0.020000 0.020000
0 0.069853 0.785509 0.020000 0.020000
0 0.141541 0.786932 0.020000 0.020000
0 0.139706 0.833809 0.020000 0.020000
0 0.064341 0.836645 0.020000 0.020000
0 0.066176 0.879264 0.020000 0.020000
0 0.137871 0.879264 0.020000 0.020000
0 0.141541 0.927555 0.020000 0.020000
0 0.075365 0.927555 0.020000 0.020000
0 0.073529 0.353691 0.020000 0.020000
0 0.073529 0.372159 0.020000 0.020000
0 0.077206 0.384945 0.020000 0.020000
0 0.073529 0.399145 0.020000 0.020000
0 0.071694 0.417614 0.020000 0.020000
0 0.073529 0.430400 0.020000 0.020000
0 0.068012 0.448864 0.020000 0.020000
0 0.075365 0.461645 0.020000 0.020000
0 0.075365 0.473009 0.020000 0.020000
0 0.073529 0.490055 0.020000 0.020000
0 0.079047 0.504264 0.020000 0.020000
0 0.068012 0.521309 0.020000 0.020000
0 0.075365 0.534091 0.020000 0.020000
1 0.707718 0.840198 0.475882 0.024259
1 0.704965 0.885655 0.492424 0.021418
1 0.714153 0.935370 0.477718 0.021423
1 0.354779 0.949573 0.126618 0.021418
1 0.357538 0.901280 0.135806 0.021423
1 0.352021 0.855114 0.132135 0.025682
1 0.221506 0.573864 0.297576 0.022836
1 0.222426 0.602273 0.273676 0.020000
1 0.568015 0.603695 0.222206 0.025682
1 0.862132 0.602273 0.148676 0.025682
1 0.572609 0.573864 0.231394 0.022836
1 0.852941 0.574573 0.130294 0.021418
1 0.566176 0.361507 0.262647 0.021423
1 0.568015 0.374291 0.251618 0.021418
1 0.570771 0.392045 0.260812 0.025682
1 0.571688 0.409800 0.247941 0.021418
1 0.573529 0.424007 0.255294 0.021423
1 0.568932 0.436080 0.253453 0.022841
1 0.568015 0.450282 0.251618 0.020000
1 0.576285 0.466620 0.238747 0.027105
1 0.568932 0.482955 0.253453 0.022836
1 0.572609 0.497159 0.249782 0.025682
1 0.569853 0.515625 0.247941 0.022841
1 0.571691 0.526280 0.251618 0.021423
1 0.855697 0.529118 0.139488 0.021418
1 0.855697 0.511364 0.135806 0.020000
1 0.853862 0.497159 0.128453 0.020000
1 0.854779 0.479402 0.133971 0.021423
1 0.855697 0.463068 0.139488 0.022845
1 0.851103 0.449573 0.133971 0.021418
1 0.856618 0.436791 0.133965 0.021418
1 0.853862 0.417614 0.132135 0.022845
1 0.851106 0.407670 0.137647 0.022841
1 0.856618 0.390627 0.133965 0.020000
1 0.855700 0.374291 0.128459 0.021418
1 0.853862 0.360795 0.132135 0.020000
2 0.495406 0.745739 0.902576 0.036932
2 0.494488 0.625000 0.904412 0.048291