0 0.312500 0.036932 0.020000 0.020000
0 0.408088 0.038355 0.020000 0.020000
0 0.794118 0.301136 0.020000 0.020000
2 0.644300 0.150568 0.329047 0.028409
2 0.566176 0.185368 0.161765 0.029827
2 0.729782 0.183950 0.169118 0.041191
2 0.568012 0.221591 0.161765 0.039773
2 0.727941 0.225141 0.161765 0.038355
2 0.647059 0.257105 0.323529 0.028409
2 0.643382 0.356534 0.323529 0.042614
2 0.648897 0.416905 0.312500 0.075282
2 0.380518 0.384232 0.205882 0.041191
2 0.178309 0.387073 0.187500 0.035509
2 0.285847 0.433948 0.398894 0.046877
2 0.284929 0.337359 0.397059 0.038355
2 0.287682 0.293325 0.398894 0.044032
2 0.284924 0.250000 0.404412 0.042618
2 0.284926 0.105114 0.400735 0.119318
2 0.183824 0.222300 0.205882 0.021309
2 0.381432 0.220880 0.215076 0.015623