0 0.078300 0.937503 0.020000 0.020000
0 0.082313 0.960228 0.020000 0.020000
0 0.724754 0.919036 0.020000 0.020000
0 0.770935 0.917611 0.020000 0.020000
0 0.100379 0.541192 0.020000 0.020000
0 0.102393 0.294036 0.020000 0.020000
0 0.269025 0.265627 0.020000 0.020000
0 0.371410 0.262782 0.020000 0.020000
1 0.343308 0.231534 0.489790 0.020000
1 0.640435 0.267757 0.453650 0.021420
1 0.590246 0.316762 0.594190 0.020000
1 0.508936 0.338067 0.768848 0.020000
1 0.518973 0.362928 0.756801 0.021420
1 0.275048 0.813210 0.357284 0.021425
1 0.278058 0.892047 0.307091 0.020000
1 0.620359 0.894176 0.136446 0.021420
1 0.819118 0.892757 0.164553 0.024259
1 0.809077 0.711648 0.148485 0.022839
1 0.275044 0.710938 0.317131 0.024259
1 0.312188 0.739347 0.274964 0.021420
1 0.708699 0.037643 0.385391 0.021420
1 0.708699 0.062497 0.389404 0.020000
1 0.710705 0.085938 0.389404 0.021420
1 0.842204 0.107953 0.134432 0.022839
1 0.633409 0.107953 0.230798 0.022839
2 0.479827 0.890624 0.859267 0.042617
2 0.482836 0.721594 0.825141 0.068181