0 0.381450 0.473010 0.020000 0.020000
0 0.439670 0.477275 0.020000 0.020000
0 0.528010 0.473010 0.020000 0.020000
0 0.694641 0.532668 0.020000 0.020000
0 0.744835 0.534094 0.020000 0.020000
1 0.725757 0.071733 0.371338 0.021425
1 0.723751 0.095881 0.371338 0.021420
1 0.733791 0.120741 0.367325 0.020000
1 0.872317 0.143466 0.098300 0.020000
1 0.668541 0.142047 0.244851 0.020000
1 0.758888 0.209518 0.341225 0.024259
1 0.779968 0.230824 0.311104 0.027098
1 0.769927 0.245029 0.335197 0.021425
1 0.767921 0.262072 0.327172 0.021420
1 0.332264 0.210938 0.351265 0.027098
1 0.348324 0.230114 0.303078 0.020000
1 0.356354 0.246451 0.299057 0.021420
1 0.312188 0.263495 0.371338 0.024265
1 0.339291 0.537643 0.188638 0.021420
1 0.415580 0.525570 0.260911 0.020000
1 0.780971 0.522725 0.313110 0.020000
1 0.900427 0.539062 0.086253 0.024259
2 0.780971 0.943891 0.289098 0.018466
2 0.781974 0.925425 0.287091 0.018466
2 0.780971 0.905539 0.285085 0.021306
2 0.779968 0.889205 0.287091 0.011363
2 0.780971 0.873580 0.289098 0.019886
2 0.780971 0.855824 0.289098 0.015627
2 0.781974 0.837357 0.291104 0.021306
2 0.781974 0.818181 0.291104 0.017047
2 0.780971 0.799715 0.293110 0.019886
2 0.781974 0.781961 0.291104 0.015621
2 0.779968 0.746448 0.291104 0.015621
2 0.780971 0.725143 0.289098 0.026990
2 0.778965 0.703124 0.285085 0.017047
2 0.785991 0.687500 0.271031 0.014202
2 0.780971 0.615767 0.285085 0.018466
2 0.779968 0.598723 0.279065 0.012782
2 0.781974 0.583806 0.283078 0.014202
2 0.507933 0.569601 0.827147 0.014208
2 0.778965 0.553979 0.289098 0.019886
2 0.780971 0.430399 0.293110 0.017047
2 0.780971 0.411223 0.281072 0.015627
2 0.781974 0.395596 0.287091 0.015627
2 0.781974 0.352272 0.295117 0.014202
2 0.778965 0.338777 0.289098 0.015627
2 0.776954 0.321730 0.293118 0.018466