2 0.367647 0.105825 0.621318 0.046877
2 0.814335 0.107243 0.257353 0.041195
2 0.411765 0.229405 0.705882 0.049718
2 0.852024 0.232955 0.174635 0.048291
2 0.413603 0.490055 0.709559 0.056818
2 0.853859 0.490055 0.174635 0.056818
2 0.497241 0.541905 0.887871 0.052555
2 0.499079 0.594459 0.891547 0.052555
2 0.502759 0.642755 0.873165 0.046873
2 0.409006 0.772018 0.700365 0.044036
2 0.845588 0.770595 0.172800 0.049718
2 0.490806 0.820311 0.875000 0.058241
2 0.497241 0.873580 0.887871 0.048295
2 0.497241 0.922586 0.887871 0.049718