0 0.465394 0.139208 0.020000 0.020000
0 0.495030 0.140627 0.020000 0.020000
0 0.516982 0.139208 0.020000 0.020000
0 0.516982 0.235796 0.020000 0.020000
0 0.492830 0.235796 0.020000 0.020000
0 0.462097 0.232957 0.020000 0.020000
0 0.464297 0.328125 0.020000 0.020000
0 0.491733 0.325286 0.020000 0.020000
0 0.520273 0.330965 0.020000 0.020000
0 0.520273 0.431820 0.020000 0.020000
0 0.486248 0.431820 0.020000 0.020000
0 0.461000 0.436078 0.020000 0.020000
0 0.457709 0.541192 0.020000 0.020000
0 0.487345 0.541192 0.020000 0.020000
0 0.515885 0.541192 0.020000 0.020000
0 0.518079 0.639208 0.020000 0.020000
0 0.489539 0.640627 0.020000 0.020000
0 0.459903 0.640627 0.020000 0.020000
0 0.458806 0.711647 0.020000 0.020000
0 0.490636 0.710227 0.020000 0.020000
0 0.520273 0.711647 0.020000 0.020000
0 0.516982 0.775569 0.020000 0.020000
0 0.485152 0.781247 0.020000 0.020000
0 0.464297 0.779827 0.020000 0.020000
0 0.459903 0.857953 0.020000 0.020000
0 0.490636 0.853694 0.020000 0.020000
0 0.516982 0.849435 0.020000 0.020000
2 0.718394 0.139204 0.383067 0.099427
2 0.718942 0.234373 0.381970 0.090910
2 0.718942 0.328835 0.381970 0.098016
2 0.720039 0.426847 0.379776 0.098008
2 0.717845 0.537643 0.375388 0.123584
2 0.716200 0.637075 0.378679 0.075278
2 0.718394 0.710227 0.380873 0.071027
2 0.717845 0.781251 0.377582 0.071020
2 0.719494 0.852271 0.383073 0.071020