0 0.613971 0.153409 0.020000 0.020000
0 0.694853 0.153409 0.020000 0.020000
0 0.150735 0.294036 0.020000 0.020000
0 0.273894 0.299718 0.020000 0.020000
0 0.136029 0.683236 0.020000 0.020000
0 0.268382 0.691764 0.020000 0.020000
2 0.488971 0.122159 0.639706 0.025573
2 0.353862 0.188211 0.318018 0.018468
2 0.734374 0.179686 0.244488 0.018464
2 0.722426 0.208805 0.261029 0.028409
2 0.348344 0.238636 0.321688 0.048291
2 0.502756 0.278409 0.193018 0.011364
2 0.754597 0.279830 0.178312 0.014205
2 0.704962 0.297586 0.270218 0.015627
2 0.556065 0.333098 0.579047 0.009941
2 0.477024 0.433950 0.704047 0.151991
2 0.343750 0.570311 0.334559 0.024150
2 0.748159 0.559659 0.272059 0.011364
2 0.712318 0.585939 0.233459 0.026986
2 0.344671 0.610795 0.340071 0.056818
2 0.476106 0.663352 0.132353 0.025568
2 0.763788 0.661932 0.159929 0.025573
2 0.690256 0.691759 0.284924 0.028409
2 0.550550 0.717327 0.568018 0.022727
2 0.477941 0.819605 0.720588 0.164773