0 0.121325 0.201703 0.020000 0.020000
0 0.183820 0.200285 0.020000 0.020000
0 0.257349 0.197442 0.020000 0.020000
0 0.156251 0.235794 0.020000 0.020000
0 0.220588 0.240055 0.020000 0.020000
0 0.297796 0.244315 0.020000 0.020000
0 0.575365 0.237218 0.020000 0.020000
0 0.465075 0.252842 0.020000 0.020000
0 0.161765 0.254261 0.020000 0.020000
0 0.200369 0.275570 0.020000 0.020000
0 0.180149 0.298297 0.020000 0.020000
0 0.266541 0.306818 0.020000 0.020000
0 0.255514 0.281248 0.020000 0.020000
0 0.327208 0.282673 0.020000 0.020000
0 0.393380 0.306818 0.020000 0.020000
0 0.431984 0.281248 0.020000 0.020000
0 0.481616 0.302558 0.020000 0.020000
0 0.511027 0.285509 0.020000 0.020000
0 0.599263 0.306818 0.020000 0.020000
0 0.788604 0.281248 0.020000 0.020000
0 0.715075 0.299715 0.020000 0.020000
0 0.404408 0.605115 0.020000 0.020000
0 0.191176 0.599430 0.020000 0.020000
0 0.292282 0.605115 0.020000 0.020000
1 0.342831 0.979403 0.301255 0.021424
1 0.658090 0.980115 0.229561 0.025685
1 0.631431 0.935370 0.043898 0.021418
1 0.635110 0.955255 0.051255 0.021418
1 0.704961 0.936791 0.065953 0.021424
1 0.714153 0.955255 0.047569 0.021418
1 0.881431 0.897018 0.183600 0.021418
1 0.580882 0.898436 0.292055 0.021418
1 0.204043 0.898436 0.211176 0.021418
1 0.146137 0.877130 0.150518 0.021424
1 0.353859 0.876421 0.187278 0.022842
1 0.311584 0.854403 0.235075 0.021424
1 0.602020 0.857952 0.062282 0.020000
1 0.699447 0.857955 0.062282 0.022842
1 0.794118 0.859373 0.049412 0.022842
1 0.917282 0.859373 0.122941 0.022842
1 0.397059 0.835224 0.472204 0.020000
1 0.846506 0.836648 0.249780 0.020000
1 0.576286 0.803979 0.286549 0.022842
1 0.883271 0.806106 0.187278 0.024261
1 0.201286 0.799715 0.213020 0.020000
1 0.136949 0.781961 0.150510 0.021424
1 0.356620 0.781252 0.189114 0.022842
1 0.315255 0.762073 0.235075 0.021418
1 0.599267 0.762076 0.064118 0.024261
1 0.707718 0.762782 0.060439 0.020000
1 0.793200 0.762785 0.051247 0.022842
1 0.922792 0.762073 0.097208 0.021418
1 0.850184 0.738636 0.260808 0.022836
1 0.395220 0.740058 0.464855 0.022842
1 0.284008 0.688212 0.326980 0.021418
1 0.655329 0.689630 0.279192 0.021418
1 0.641545 0.656958 0.656031 0.027103
1 0.570769 0.610085 0.235075 0.024267
1 0.551471 0.144885 0.861906 0.020000
1 0.890624 0.105115 0.168902 0.020000
1 0.281251 0.171873 0.189122 0.020000
1 0.607537 0.173294 0.220361 0.022842
1 0.901655 0.177558 0.146839 0.025685
1 0.533090 0.333806 0.891325 0.022836
1 0.359376 0.259942 0.183600 0.022842
1 0.573529 0.591621 0.821475 0.024261
1 0.361212 0.571024 0.286549 0.028521
1 0.808824 0.568182 0.336173 0.020000
1 0.808824 0.549006 0.358243 0.021418
1 0.571690 0.526988 0.053090 0.020000
1 0.665439 0.524858 0.045733 0.021424
1 0.830882 0.527700 0.056761 0.021424
1 0.909008 0.526988 0.040227 0.020000
1 0.375000 0.526991 0.053090 0.022842
1 0.449447 0.527700 0.051255 0.021424
1 0.272059 0.523436 0.053090 0.021418
1 0.202208 0.503552 0.053090 0.021418
1 0.272059 0.505685 0.056761 0.020000
1 0.287682 0.455255 0.095365 0.021418
1 0.501839 0.456676 0.130298 0.021424
1 0.141545 0.422585 0.056769 0.021424
1 0.248161 0.421876 0.056761 0.022842
1 0.375918 0.419742 0.051255 0.024261
1 0.461400 0.421164 0.045733 0.021418
1 0.570769 0.421164 0.058604 0.021418
1 0.677388 0.419745 0.047576 0.021418
1 0.799631 0.422585 0.053082 0.021424
1 0.920957 0.421164 0.119263 0.021418
1 0.804227 0.404118 0.349051 0.024261
1 0.264702 0.401279 0.358235 0.027103
1 0.258275 0.379261 0.246102 0.020000
1 0.213235 0.356533 0.258973 0.020000
1 0.538604 0.358664 0.255294 0.021424
1 0.842827 0.360794 0.260808 0.020000
1 0.958639 0.377839 0.043898 0.025679
1 0.863051 0.380682 0.047576 0.022842
1 0.745404 0.382103 0.051247 0.020000
1 0.686580 0.379973 0.054933 0.024261
1 0.627757 0.379973 0.043890 0.024261
1 0.577204 0.377839 0.053090 0.022842
1 0.875000 0.485797 0.200149 0.025679
1 0.375000 0.483664 0.189122 0.024261