0 0.341914 0.144885 0.020000 0.020000
0 0.314337 0.174715 0.020000 0.020000
0 0.174635 0.688921 0.020000 0.020000
0 0.174635 0.717327 0.020000 0.020000
0 0.174635 0.751418 0.020000 0.020000
0 0.170957 0.782673 0.020000 0.020000
0 0.544118 0.750000 0.020000 0.020000
0 0.547796 0.723012 0.020000 0.020000
0 0.538604 0.691764 0.020000 0.020000
0 0.490808 0.542612 0.020000 0.020000
0 0.490808 0.511364 0.020000 0.020000
0 0.639702 0.508521 0.020000 0.020000
0 0.643380 0.532673 0.020000 0.020000
1 0.519302 0.911221 0.746102 0.021424
1 0.511031 0.855115 0.733231 0.020000
1 0.546875 0.786221 0.459333 0.021424
1 0.518384 0.634233 0.744267 0.021424
1 0.515624 0.606533 0.738745 0.022836
1 0.520220 0.578124 0.747937 0.025679
1 0.514706 0.259945 0.736910 0.020000
1 0.464153 0.198152 0.121106 0.021418
1 0.586400 0.323864 0.608235 0.022842
1 0.558824 0.360794 0.648675 0.025685
1 0.621322 0.392045 0.542063 0.022842
1 0.565259 0.417612 0.683600 0.020000
1 0.542282 0.456676 0.696471 0.021424
1 0.529412 0.483667 0.604565 0.021418