0 0.071694 0.812500 0.020000 0.020000
0 0.141541 0.812500 0.020000 0.020000
0 0.068012 0.943182 0.020000 0.020000
0 0.158088 0.943182 0.020000 0.020000
0 0.268382 0.940341 0.020000 0.020000
0 0.069853 0.228691 0.020000 0.020000
0 0.141541 0.225855 0.020000 0.020000
0 0.073529 0.257100 0.020000 0.020000
0 0.069853 0.272727 0.020000 0.020000
0 0.069853 0.285509 0.020000 0.020000
0 0.069853 0.303977 0.020000 0.020000
0 0.068012 0.319600 0.020000 0.020000
0 0.069853 0.333809 0.020000 0.020000
0 0.069853 0.349432 0.020000 0.020000
0 0.069853 0.363636 0.020000 0.020000
0 0.071694 0.377841 0.020000 0.020000
0 0.077206 0.394886 0.020000 0.020000
0 0.069853 0.431818 0.020000 0.020000
0 0.073529 0.447445 0.020000 0.020000
0 0.069853 0.464491 0.020000 0.020000
0 0.069853 0.480114 0.020000 0.020000
0 0.069853 0.492900 0.020000 0.020000
0 0.069853 0.507100 0.020000 0.020000
1 0.617647 0.263493 0.178094 0.021423
1 0.617647 0.279827 0.178094 0.020000
1 0.615809 0.294745 0.178088 0.021418
1 0.616729 0.309659 0.179929 0.020000
1 0.615809 0.323152 0.170735 0.024259
1 0.620406 0.340200 0.172576 0.021418
1 0.614888 0.355825 0.172576 0.021423
1 0.620406 0.369318 0.176247 0.020000
1 0.620406 0.385655 0.176247 0.021418
1 0.888785 0.262073 0.128453 0.021418
1 0.886029 0.279827 0.130294 0.020000
1 0.885109 0.293325 0.124782 0.021423
1 0.884191 0.311082 0.126618 0.020000
1 0.883271 0.327416 0.124776 0.021423
1 0.886029 0.341618 0.126624 0.021418
1 0.886950 0.354402 0.124782 0.021423
1 0.887871 0.370739 0.122941 0.022841
1 0.887865 0.385655 0.130294 0.021418
1 0.329044 0.530539 0.281029 0.021423
1 0.329047 0.544745 0.284706 0.021418
1 0.329044 0.559659 0.281029 0.020000
1 0.613971 0.529118 0.178082 0.021418
1 0.618568 0.545455 0.176253 0.022836
1 0.619485 0.559659 0.178088 0.022845
1 0.891544 0.528409 0.126618 0.020000
1 0.888788 0.545455 0.121106 0.020000
1 0.890626 0.559659 0.132135 0.020000
1 0.616729 0.423295 0.179929 0.022845
1 0.619485 0.441052 0.178088 0.021423
1 0.622241 0.453836 0.172576 0.021418
1 0.617647 0.467327 0.178094 0.020000
1 0.619488 0.483664 0.174412 0.021418
1 0.886947 0.422584 0.128459 0.021423
1 0.886029 0.438209 0.130294 0.021418
1 0.891544 0.453127 0.133971 0.020000
1 0.883271 0.469461 0.124776 0.021423
1 0.888788 0.484375 0.139482 0.022841
2 0.500000 0.723011 0.897059 0.105114
2 0.500000 0.848011 0.893388 0.144886
2 0.500918 0.614345 0.909929 0.089491
2 0.348347 0.136364 0.597424 0.034091
2 0.798712 0.137075 0.303306 0.029832