0 0.818012 0.140627 0.020000 0.020000
0 0.397059 0.444600 0.020000 0.020000
0 0.389706 0.457386 0.020000 0.020000
0 0.389706 0.465909 0.020000 0.020000
0 0.391541 0.538355 0.020000 0.020000
0 0.395224 0.551136 0.020000 0.020000
0 0.387871 0.622159 0.020000 0.020000
0 0.393382 0.633523 0.020000 0.020000
0 0.391541 0.650568 0.020000 0.020000
0 0.395224 0.713068 0.020000 0.020000
0 0.391541 0.724432 0.020000 0.020000
0 0.389706 0.801136 0.020000 0.020000
0 0.393382 0.811082 0.020000 0.020000
0 0.393382 0.821023 0.020000 0.020000
0 0.387871 0.887782 0.020000 0.020000
0 0.391541 0.901991 0.020000 0.020000
0 0.079047 0.330964 0.020000 0.020000
0 0.084559 0.349432 0.020000 0.020000
1 0.707721 0.434659 0.148676 0.020000
1 0.867647 0.436082 0.104565 0.020000
1 0.711394 0.609373 0.159706 0.020000
1 0.872241 0.610795 0.099047 0.022845
1 0.715074 0.789064 0.148676 0.021418
1 0.503676 0.855114 0.244271 0.022845
1 0.497244 0.681818 0.242429 0.022836
1 0.500000 0.503552 0.247941 0.021423
1 0.352941 0.075284 0.431765 0.022841
1 0.522059 0.095173 0.093529 0.020000
1 0.280332 0.120030 0.290218 0.024259
1 0.358459 0.095170 0.167059 0.022841
1 0.227021 0.439632 0.319629 0.024264
1 0.219668 0.455968 0.304924 0.025682
1 0.222424 0.475141 0.314118 0.024264
1 0.189338 0.511364 0.258971 0.020000
1 0.191176 0.544036 0.122941 0.020000
1 0.248162 0.572445 0.060441 0.020000
1 0.220588 0.613636 0.325153 0.020000
1 0.218753 0.631393 0.299412 0.024259
1 0.225182 0.647727 0.304929 0.025682
1 0.181982 0.688920 0.247941 0.022841
1 0.189338 0.721591 0.111912 0.020000
1 0.243568 0.751418 0.069629 0.020000
1 0.229776 0.791902 0.328824 0.021423
1 0.219671 0.808239 0.297576 0.022841
1 0.220588 0.825284 0.303082 0.022841
1 0.189335 0.864345 0.247941 0.021418
1 0.181985 0.897016 0.119265 0.024259
1 0.242647 0.926136 0.056765 0.020000
1 0.868568 0.786932 0.128453 0.022845