0 0.055147 0.370736 0.020000 0.020000
0 0.055147 0.386364 0.020000 0.020000
0 0.051471 0.403409 0.020000 0.020000
0 0.056988 0.419036 0.020000 0.020000
0 0.056988 0.427555 0.020000 0.020000
0 0.047794 0.444600 0.020000 0.020000
0 0.060659 0.457386 0.020000 0.020000
0 0.055147 0.491477 0.020000 0.020000
0 0.516541 0.372159 0.020000 0.020000
0 0.516541 0.386364 0.020000 0.020000
0 0.511029 0.400568 0.020000 0.020000
0 0.511029 0.411932 0.020000 0.020000
0 0.505518 0.430400 0.020000 0.020000
0 0.514706 0.444600 0.020000 0.020000
0 0.512871 0.460227 0.020000 0.020000
0 0.512871 0.473009 0.020000 0.020000