0 0.665441 0.946023 0.020000 0.020000
0 0.667282 0.923295 0.020000 0.020000
0 0.661765 0.906250 0.020000 0.020000
0 0.829047 0.904827 0.020000 0.020000
0 0.836400 0.927555 0.020000 0.020000
0 0.354776 0.813918 0.020000 0.020000
0 0.352941 0.784091 0.020000 0.020000
0 0.422794 0.863636 0.020000 0.020000
0 0.060659 0.815341 0.020000 0.020000
0 0.062500 0.799718 0.020000 0.020000
0 0.066176 0.782673 0.020000 0.020000
0 0.064341 0.866477 0.020000 0.020000
0 0.071694 0.430400 0.020000 0.020000
0 0.062500 0.457386 0.020000 0.020000
0 0.207718 0.431818 0.020000 0.020000
0 0.200365 0.454545 0.020000 0.020000
2 0.544118 0.910511 0.198529 0.071023
2 0.244482 0.911220 0.397059 0.069605
2 0.200368 0.215198 0.305147 0.041195
2 0.458641 0.214489 0.200365 0.036932
2 0.655329 0.215200 0.193012 0.035509
2 0.851100 0.219461 0.198529 0.044032
2 0.757353 0.259943 0.382353 0.031250
2 0.760109 0.296164 0.384194 0.044036
2 0.760112 0.337357 0.376835 0.035514
2 0.751838 0.371448 0.393382 0.032668
2 0.531253 0.411932 0.360294 0.036936
2 0.829965 0.410514 0.251835 0.039773
2 0.649815 0.448155 0.601100 0.032673
2 0.309744 0.356534 0.509194 0.076705
2 0.305147 0.279827 0.522059 0.079545
2 0.501838 0.484375 0.893382 0.036932
2 0.379594 0.699573 0.656247 0.046873
2 0.829962 0.702414 0.244488 0.041191
2 0.822612 0.737927 0.237129 0.032673
2 0.600182 0.737216 0.215071 0.036932
2 0.270224 0.737216 0.441176 0.036932
2 0.596509 0.851564 0.229782 0.035509
2 0.827206 0.853691 0.246318 0.045455
2 0.824447 0.791191 0.248165 0.079545