0 0.840157 0.085229 0.020000 0.020000
0 0.693430 0.085229 0.020000 0.020000
0 0.689413 0.103694 0.020000 0.020000
0 0.691422 0.133523 0.020000 0.020000
0 0.691422 0.153407 0.020000 0.020000
0 0.840157 0.109376 0.020000 0.020000
0 0.840157 0.132103 0.020000 0.020000
0 0.840157 0.203125 0.020000 0.020000
0 0.685390 0.201706 0.020000 0.020000
0 0.691422 0.241479 0.020000 0.020000
0 0.691422 0.264203 0.020000 0.020000
0 0.691422 0.264203 0.020000 0.020000
0 0.693430 0.289773 0.020000 0.020000
0 0.842166 0.242899 0.020000 0.020000
0 0.834126 0.267046 0.020000 0.020000
0 0.842166 0.291193 0.020000 0.020000
0 0.691422 0.330966 0.020000 0.020000
0 0.693430 0.349431 0.020000 0.020000
0 0.691422 0.370740 0.020000 0.020000
0 0.840157 0.325284 0.020000 0.020000
0 0.838149 0.352274 0.020000 0.020000
0 0.842166 0.481535 0.020000 0.020000
0 0.689413 0.505682 0.020000 0.020000
0 0.838149 0.502839 0.020000 0.020000
0 0.687405 0.478692 0.020000 0.020000
0 0.687405 0.525566 0.020000 0.020000
0 0.842166 0.526990 0.020000 0.020000
0 0.687405 0.553976 0.020000 0.020000
0 0.840157 0.552557 0.020000 0.020000
0 0.687405 0.586648 0.020000 0.020000
0 0.842166 0.588068 0.020000 0.020000
0 0.689413 0.634942 0.020000 0.020000
0 0.840157 0.633523 0.020000 0.020000
0 0.691422 0.694600 0.020000 0.020000
0 0.844180 0.694600 0.020000 0.020000
0 0.693430 0.724434 0.020000 0.020000
0 0.842166 0.718752 0.020000 0.020000
0 0.691422 0.758521 0.020000 0.020000
0 0.840157 0.758521 0.020000 0.020000
0 0.687405 0.782672 0.020000 0.020000
0 0.842166 0.784091 0.020000 0.020000
0 0.691422 0.803976 0.020000 0.020000
0 0.840157 0.803976 0.020000 0.020000
0 0.689413 0.855113 0.020000 0.020000
0 0.840157 0.859376 0.020000 0.020000
0 0.691422 0.880680 0.020000 0.020000