2 0.229779 0.691764 0.349265 0.045455
2 0.488053 0.690341 0.167282 0.048300
2 0.674632 0.696732 0.187500 0.026991
2 0.858456 0.697443 0.180147 0.025568
2 0.501838 0.661223 0.893382 0.018464
2 0.180147 0.122159 0.257353 0.028409
2 0.378676 0.124289 0.150741 0.029832
2 0.523897 0.122868 0.121324 0.029827
2 0.684741 0.125709 0.178306 0.035509
2 0.866729 0.122868 0.174635 0.029827
2 0.178306 0.634943 0.264706 0.031250
2 0.384194 0.637075 0.154412 0.026986
2 0.522979 0.637786 0.123159 0.028409
2 0.680147 0.637786 0.191176 0.028409
2 0.861212 0.639914 0.174635 0.029827
2 0.177391 0.153409 0.259194 0.031255
2 0.380518 0.154120 0.147059 0.029832
2 0.522976 0.156250 0.134188 0.034091
2 0.680147 0.158380 0.180153 0.029832
2 0.862132 0.155539 0.180147 0.024150
2 0.173715 0.184659 0.262865 0.031245
2 0.380515 0.184659 0.150735 0.031245
2 0.519300 0.183950 0.126835 0.029827
2 0.682903 0.184659 0.185665 0.031245
2 0.861215 0.183950 0.170959 0.029827
2 0.174635 0.212359 0.250000 0.029827
2 0.386029 0.216618 0.158082 0.032673
2 0.528491 0.212357 0.126841 0.021305
2 0.680147 0.211648 0.183824 0.025568
2 0.858459 0.213068 0.176471 0.028409
2 0.177388 0.241477 0.281247 0.031245
2 0.388788 0.243607 0.159929 0.029832
2 0.527571 0.244318 0.125000 0.028409
2 0.681988 0.239348 0.176471 0.038350
2 0.864891 0.241477 0.189335 0.039773
2 0.170956 0.275568 0.246324 0.028409
2 0.382353 0.279120 0.161765 0.029832
2 0.524818 0.280539 0.123165 0.032668
2 0.687500 0.274150 0.191176 0.039773
2 0.862132 0.271307 0.172794 0.031250
2 0.174632 0.308239 0.261029 0.025568
2 0.385112 0.308239 0.152576 0.031250
2 0.525735 0.306818 0.128671 0.028409
2 0.681982 0.307530 0.183824 0.026986
2 0.862129 0.306818 0.176471 0.028409
2 0.175550 0.333807 0.259194 0.025568
2 0.384191 0.332386 0.158088 0.028409
2 0.528494 0.333095 0.130518 0.029827
2 0.686582 0.333807 0.185659 0.031250
2 0.866729 0.337357 0.174635 0.032668
2 0.179229 0.362216 0.255518 0.031250
2 0.178312 0.391334 0.257353 0.026986
2 0.177388 0.427557 0.251835 0.031250
2 0.176471 0.456677 0.253671 0.029827
2 0.176471 0.486505 0.253671 0.029827
2 0.173712 0.516334 0.259188 0.029832
2 0.173712 0.546166 0.255518 0.029832
2 0.180147 0.576705 0.242647 0.031245
2 0.181068 0.607245 0.248159 0.032673
2 0.380512 0.605825 0.154412 0.035514
2 0.378676 0.574575 0.158082 0.026986
2 0.378676 0.546166 0.158082 0.026986
2 0.378676 0.517045 0.158082 0.031255
2 0.376841 0.484373 0.154412 0.034091
2 0.376841 0.455964 0.154412 0.022727
2 0.379594 0.428977 0.156247 0.031245
2 0.381432 0.399150 0.152571 0.028409
2 0.382353 0.367900 0.154412 0.034091
2 0.524815 0.365768 0.130512 0.029827
2 0.523894 0.395595 0.132353 0.029827
2 0.522976 0.425425 0.130518 0.029832
2 0.522059 0.453834 0.132353 0.026986
2 0.520221 0.484373 0.128676 0.034091
2 0.525735 0.517045 0.128671 0.031255
2 0.525735 0.549718 0.113965 0.022727
2 0.523897 0.578127 0.121324 0.034091
2 0.521138 0.605825 0.123159 0.021305
2 0.677391 0.604405 0.196688 0.029827
2 0.684744 0.576705 0.181982 0.025573
2 0.678312 0.549007 0.183824 0.032668
2 0.684744 0.519175 0.170959 0.024150
2 0.684741 0.485795 0.174635 0.042609
2 0.677388 0.451705 0.189341 0.025573
2 0.679226 0.425425 0.193018 0.029832
2 0.681065 0.397727 0.185659 0.025564
2 0.688418 0.368609 0.200365 0.032673
2 0.784929 0.352273 0.000000 0.000000
2 0.866729 0.366477 0.159929 0.034091
2 0.865809 0.392757 0.180147 0.026986
2 0.863971 0.422584 0.176471 0.032668
2 0.868568 0.455964 0.167276 0.034091
2 0.865812 0.487214 0.161765 0.028409
2 0.854782 0.518464 0.183824 0.034091
2 0.853862 0.544743 0.181982 0.018468
2 0.868565 0.576705 0.163600 0.036936
2 0.864891 0.608666 0.159924 0.026986