0 0.789909 0.133523 0.020000 0.020000
0 0.866286 0.132103 0.020000 0.020000
0 0.783878 0.173296 0.020000 0.020000
0 0.862269 0.174716 0.020000 0.020000
0 0.783878 0.210227 0.020000 0.020000
0 0.783878 0.210227 0.020000 0.020000
0 0.868300 0.208807 0.020000 0.020000
0 0.793932 0.235797 0.020000 0.020000
0 0.862269 0.240056 0.020000 0.020000
0 0.789909 0.291193 0.020000 0.020000
0 0.868300 0.291193 0.020000 0.020000
0 0.783878 0.322441 0.020000 0.020000
0 0.864277 0.325284 0.020000 0.020000
1 0.364806 0.381392 0.419982 0.021424
1 0.365811 0.413352 0.417973 0.022839