0 0.720588 0.193182 0.020000 0.020000
0 0.727937 0.218752 0.020000 0.020000
0 0.720588 0.257103 0.020000 0.020000
0 0.720588 0.289770 0.020000 0.020000
0 0.707718 0.329545 0.020000 0.020000
0 0.733459 0.470170 0.020000 0.020000
0 0.744486 0.501418 0.020000 0.020000
0 0.744486 0.534091 0.020000 0.020000
0 0.746322 0.556818 0.020000 0.020000
0 0.746322 0.582388 0.020000 0.020000
0 0.737129 0.759945 0.020000 0.020000
0 0.788604 0.758521 0.020000 0.020000
0 0.788604 0.785509 0.020000 0.020000
0 0.735294 0.786933 0.020000 0.020000
0 0.744486 0.819600 0.020000 0.020000
0 0.784925 0.811079 0.020000 0.020000
0 0.784925 0.828127 0.020000 0.020000
0 0.738973 0.840909 0.020000 0.020000
0 0.751835 0.862218 0.020000 0.020000
0 0.740808 0.907673 0.020000 0.020000