0 0.596596 0.428978 0.020000 0.020000
0 0.682969 0.428978 0.020000 0.020000
0 0.570478 0.667614 0.020000 0.020000
0 0.114498 0.865058 0.020000 0.020000
0 0.144631 0.869320 0.020000 0.020000
0 0.172751 0.870740 0.020000 0.020000
0 0.212926 0.870740 0.020000 0.020000
0 0.243059 0.869320 0.020000 0.020000
0 0.271179 0.867897 0.020000 0.020000
0 0.299299 0.869320 0.020000 0.020000
0 0.325417 0.866477 0.020000 0.020000
0 0.596596 0.671877 0.020000 0.020000
0 0.622709 0.671877 0.020000 0.020000
0 0.648821 0.671877 0.020000 0.020000
0 0.676941 0.670453 0.020000 0.020000
0 0.697031 0.673296 0.020000 0.020000
0 0.721137 0.673296 0.020000 0.020000
0 0.743229 0.673296 0.020000 0.020000
0 0.779389 0.671877 0.020000 0.020000
0 0.807509 0.671877 0.020000 0.020000
0 0.835635 0.670453 0.020000 0.020000
0 0.859740 0.671877 0.020000 0.020000
0 0.883845 0.673296 0.020000 0.020000
0 0.907944 0.674716 0.020000 0.020000
0 0.899909 0.717328 0.020000 0.020000
0 0.871790 0.718752 0.020000 0.020000
0 0.845677 0.718752 0.020000 0.020000
0 0.823579 0.718752 0.020000 0.020000
0 0.793452 0.720171 0.020000 0.020000
0 0.777382 0.720171 0.020000 0.020000
0 0.759299 0.720171 0.020000 0.020000
0 0.723144 0.717328 0.020000 0.020000
0 0.691004 0.718752 0.020000 0.020000
0 0.662884 0.715909 0.020000 0.020000
0 0.638779 0.715909 0.020000 0.020000
0 0.612666 0.715909 0.020000 0.020000
0 0.584541 0.715909 0.020000 0.020000
0 0.564456 0.714489 0.020000 0.020000
0 0.566463 0.764203 0.020000 0.020000
0 0.594583 0.765626 0.020000 0.020000
0 0.622709 0.765626 0.020000 0.020000
0 0.642793 0.767046 0.020000 0.020000
0 0.674933 0.765626 0.020000 0.020000
0 0.701046 0.767046 0.020000 0.020000
0 0.719123 0.767046 0.020000 0.020000
0 0.749256 0.769885 0.020000 0.020000
0 0.771354 0.767046 0.020000 0.020000
0 0.803495 0.768465 0.020000 0.020000
0 0.831614 0.768465 0.020000 0.020000
0 0.853712 0.771308 0.020000 0.020000
0 0.879825 0.771308 0.020000 0.020000
0 0.901923 0.769885 0.020000 0.020000
2 0.284235 0.350851 0.355544 0.045455
2 0.738210 0.321022 0.359565 0.022728
2 0.287249 0.482954 0.361572 0.079547
2 0.284235 0.616477 0.351530 0.042617
2 0.282225 0.708097 0.359565 0.055400
2 0.284235 0.820312 0.375629 0.021308
2 0.281224 0.916905 0.369607 0.021308
2 0.737204 0.875710 0.369607 0.041193
2 0.735193 0.811080 0.361572 0.022723
2 0.741221 0.582386 0.357557 0.096588