0 0.079043 0.404830 0.020000 0.020000
0 0.132353 0.396309 0.020000 0.020000
0 0.165443 0.403406 0.020000 0.020000
0 0.240808 0.406248 0.020000 0.020000
0 0.294118 0.397727 0.020000 0.020000
0 0.341914 0.410509 0.020000 0.020000
0 0.397059 0.406248 0.020000 0.020000
0 0.450369 0.417612 0.020000 0.020000
0 0.494486 0.410509 0.020000 0.020000
0 0.556988 0.404830 0.020000 0.020000
0 0.606620 0.393467 0.020000 0.020000
0 0.661765 0.411933 0.020000 0.020000
0 0.704047 0.407673 0.020000 0.020000
0 0.766541 0.410509 0.020000 0.020000
0 0.808824 0.413352 0.020000 0.020000
0 0.874996 0.406248 0.020000 0.020000
0 0.928306 0.406248 0.020000 0.020000
2 0.205882 0.591618 0.316173 0.044036
2 0.553306 0.590909 0.378675 0.045455
2 0.845588 0.588776 0.205890 0.038352
2 0.848345 0.666194 0.215075 0.042618
2 0.553310 0.666906 0.374996 0.041194
2 0.206804 0.666906 0.318016 0.041194
2 0.497243 0.291194 0.913608 0.039770
2 0.888788 0.328127 0.130518 0.036933
2 0.781251 0.329545 0.084557 0.034097
2 0.642463 0.330255 0.193020 0.035515
2 0.300549 0.328124 0.490808 0.039776