0 0.043905 0.224429 0.020000 0.020000
0 0.233795 0.123582 0.020000 0.020000
0 0.368800 0.073865 0.020000 0.020000
0 0.373191 0.112218 0.020000 0.020000
0 0.364409 0.204547 0.020000 0.020000
0 0.366605 0.225853 0.020000 0.020000
1 0.737055 0.257812 0.495273 0.027106
1 0.262332 0.372871 0.491982 0.021424
2 0.734859 0.085938 0.468682 0.100853
2 0.055430 0.606535 0.055977 0.153412
2 0.094943 0.607956 0.023050 0.156253
2 0.286480 0.608665 0.357823 0.157671
2 0.509845 0.608665 0.088909 0.157671
2 0.581741 0.607244 0.052682 0.151994
2 0.640464 0.605824 0.060373 0.151988
2 0.749127 0.609374 0.154764 0.156253
2 0.873709 0.609376 0.087809 0.161929
2 0.945602 0.607956 0.055977 0.159088
2 0.499418 0.873579 0.946155 0.099429