0 0.308965 0.038351 0.020000 0.020000
0 0.402759 0.039773 0.020000 0.020000
0 0.110347 0.399146 0.020000 0.020000
0 0.112182 0.433239 0.020000 0.020000
2 0.281376 0.103692 0.400918 0.122158
2 0.182988 0.196733 0.196776 0.061081
2 0.280459 0.249289 0.402753 0.038351
2 0.383447 0.196731 0.200459 0.055398
2 0.567353 0.066050 0.160000 0.046874
2 0.565515 0.112215 0.167359 0.042612
2 0.649191 0.161220 0.323676 0.046874
2 0.282297 0.294035 0.399076 0.048296
2 0.283218 0.340198 0.404600 0.041195
2 0.567356 0.207385 0.163676 0.042612
2 0.564594 0.245030 0.172871 0.026988
2 0.730112 0.243607 0.161835 0.029832
2 0.563676 0.272017 0.160000 0.026988
2 0.731950 0.273437 0.150806 0.026992
2 0.564594 0.301138 0.165518 0.028410
2 0.734709 0.301136 0.163676 0.031249
2 0.565515 0.330257 0.152641 0.029827
2 0.726432 0.331677 0.161841 0.029832
2 0.570112 0.365057 0.154482 0.031249
2 0.729191 0.362217 0.156324 0.031249
2 0.565515 0.397017 0.163676 0.029827
2 0.730112 0.393464 0.165518 0.028410
2 0.647353 0.432528 0.320000 0.046874