0 0.111496 0.093748 0.020000 0.020000
0 0.234040 0.089486 0.020000 0.020000
0 0.118525 0.159093 0.020000 0.020000
0 0.220983 0.159093 0.020000 0.020000
0 0.306362 0.156252 0.020000 0.020000
0 0.395759 0.160514 0.020000 0.020000
0 0.490175 0.159093 0.020000 0.020000
0 0.594639 0.159093 0.020000 0.020000
0 0.681022 0.156252 0.020000 0.020000
0 0.780466 0.159093 0.020000 0.020000
0 0.874887 0.156252 0.020000 0.020000
0 0.976336 0.156252 0.020000 0.020000
0 0.968298 0.473011 0.020000 0.020000
0 0.873882 0.467328 0.020000 0.020000
0 0.777452 0.468748 0.020000 0.020000
0 0.681022 0.464486 0.020000 0.020000
0 0.586605 0.464486 0.020000 0.020000
0 0.496204 0.458809 0.020000 0.020000
0 0.397768 0.461651 0.020000 0.020000
0 0.314395 0.464486 0.020000 0.020000
0 0.212946 0.458809 0.020000 0.020000
0 0.126563 0.461651 0.020000 0.020000
0 0.089397 0.740054 0.020000 0.020000
0 0.125558 0.701705 0.020000 0.020000
0 0.147657 0.703126 0.020000 0.020000
0 0.162723 0.700284 0.020000 0.020000
0 0.184823 0.704547 0.020000 0.020000
0 0.196875 0.701705 0.020000 0.020000
0 0.208927 0.708809 0.020000 0.020000
0 0.233035 0.700284 0.020000 0.020000
0 0.253125 0.703126 0.020000 0.020000
0 0.270201 0.694601 0.020000 0.020000
0 0.206917 0.738634 0.020000 0.020000
0 0.319419 0.732956 0.020000 0.020000
0 0.481137 0.735798 0.020000 0.020000
0 0.511270 0.731536 0.020000 0.020000
0 0.660936 0.737219 0.020000 0.020000
0 0.704126 0.731536 0.020000 0.020000
0 0.698102 0.768464 0.020000 0.020000
0 0.664951 0.776989 0.020000 0.020000
0 0.882920 0.731536 0.020000 0.020000
0 0.908033 0.728694 0.020000 0.020000
0 0.918076 0.762781 0.020000 0.020000
0 0.882920 0.771306 0.020000 0.020000
0 0.851783 0.501421 0.020000 0.020000
0 0.864840 0.498579 0.020000 0.020000
0 0.857807 0.528410 0.020000 0.020000
0 0.883925 0.535514 0.020000 0.020000
0 0.870868 0.535514 0.020000 0.020000
0 0.852788 0.562503 0.020000 0.020000
0 0.865844 0.566759 0.020000 0.020000
0 0.899996 0.563918 0.020000 0.020000
0 0.607700 0.326705 0.020000 0.020000
0 0.629795 0.328126 0.020000 0.020000
0 0.656917 0.330967 0.020000 0.020000
0 0.803570 0.329547 0.020000 0.020000
0 0.816627 0.328126 0.020000 0.020000
0 0.834707 0.332388 0.020000 0.020000
0 0.853792 0.329547 0.020000 0.020000
0 0.870868 0.326705 0.020000 0.020000
0 0.885934 0.326705 0.020000 0.020000
0 0.897986 0.328126 0.020000 0.020000
0 0.916067 0.326705 0.020000 0.020000
0 0.091407 0.291191 0.020000 0.020000
0 0.108482 0.292612 0.020000 0.020000
0 0.126563 0.291191 0.020000 0.020000
0 0.145648 0.292612 0.020000 0.020000
0 0.168747 0.294033 0.020000 0.020000
0 0.255135 0.296874 0.020000 0.020000
0 0.273215 0.294033 0.020000 0.020000
0 0.296315 0.295453 0.020000 0.020000
0 0.317409 0.299716 0.020000 0.020000
0 0.333480 0.299716 0.020000 0.020000
0 0.346537 0.295453 0.020000 0.020000
0 0.357589 0.299716 0.020000 0.020000
0 0.380688 0.298295 0.020000 0.020000
0 0.442967 0.289770 0.020000 0.020000
0 0.468080 0.292612 0.020000 0.020000
0 0.479128 0.295453 0.020000 0.020000
0 0.492185 0.296874 0.020000 0.020000
0 0.517298 0.298295 0.020000 0.020000
0 0.528345 0.298295 0.020000 0.020000
0 0.545421 0.298295 0.020000 0.020000
0 0.565511 0.296874 0.020000 0.020000
0 0.588615 0.294033 0.020000 0.020000
0 0.607700 0.292612 0.020000 0.020000
0 0.618747 0.292612 0.020000 0.020000
0 0.631804 0.298295 0.020000 0.020000
0 0.643861 0.292612 0.020000 0.020000
0 0.447991 0.500000 0.020000 0.020000
0 0.458033 0.500000 0.020000 0.020000
0 0.472095 0.502842 0.020000 0.020000
0 0.494194 0.502842 0.020000 0.020000
0 0.512274 0.497158 0.020000 0.020000
0 0.612719 0.494317 0.020000 0.020000
0 0.631804 0.498579 0.020000 0.020000
0 0.646870 0.500000 0.020000 0.020000
0 0.672988 0.501421 0.020000 0.020000
0 0.686045 0.497158 0.020000 0.020000
0 0.697097 0.497158 0.020000 0.020000
0 0.718187 0.498579 0.020000 0.020000
0 0.734258 0.498579 0.020000 0.020000
0 0.086383 0.505683 0.020000 0.020000
0 0.105468 0.505683 0.020000 0.020000
0 0.121539 0.504262 0.020000 0.020000
0 0.143638 0.501421 0.020000 0.020000
0 0.159709 0.497158 0.020000 0.020000
0 0.182813 0.498579 0.020000 0.020000
0 0.172766 0.501421 0.020000 0.020000
0 0.205913 0.495738 0.020000 0.020000
0 0.229017 0.501421 0.020000 0.020000
0 0.243078 0.497158 0.020000 0.020000
0 0.263168 0.500000 0.020000 0.020000
0 0.280244 0.500000 0.020000 0.020000
0 0.295310 0.504262 0.020000 0.020000
0 0.311381 0.498579 0.020000 0.020000
0 0.326451 0.492896 0.020000 0.020000
0 0.088392 0.535514 0.020000 0.020000
0 0.090402 0.571022 0.020000 0.020000
0 0.094421 0.606536 0.020000 0.020000
0 0.092411 0.634946 0.020000 0.020000
0 0.116516 0.633525 0.020000 0.020000
0 0.109487 0.605115 0.020000 0.020000
0 0.108482 0.563918 0.020000 0.020000
0 0.105468 0.536935 0.020000 0.020000
0 0.127567 0.536935 0.020000 0.020000
0 0.153681 0.539770 0.020000 0.020000
0 0.145648 0.565339 0.020000 0.020000
0 0.130581 0.571022 0.020000 0.020000
0 0.123549 0.606536 0.020000 0.020000
0 0.146652 0.602273 0.020000 0.020000
0 0.142634 0.647727 0.020000 0.020000
0 0.130581 0.643464 0.020000 0.020000
0 0.156695 0.646306 0.020000 0.020000
0 0.172766 0.634946 0.020000 0.020000
0 0.176785 0.609377 0.020000 0.020000
0 0.155690 0.607956 0.020000 0.020000
0 0.157700 0.576705 0.020000 0.020000
0 0.175780 0.572443 0.020000 0.020000
0 0.172766 0.538349 0.020000 0.020000
0 0.159709 0.538349 0.020000 0.020000
0 0.187832 0.544033 0.020000 0.020000
0 0.215960 0.538349 0.020000 0.020000
0 0.213950 0.563918 0.020000 0.020000
0 0.191851 0.566759 0.020000 0.020000
0 0.191851 0.599432 0.020000 0.020000
0 0.214955 0.603694 0.020000 0.020000
0 0.209932 0.629262 0.020000 0.020000
0 0.186828 0.636366 0.020000 0.020000
0 0.228012 0.636366 0.020000 0.020000
0 0.243078 0.630683 0.020000 0.020000
0 0.243078 0.599432 0.020000 0.020000
0 0.223993 0.606536 0.020000 0.020000
0 0.227007 0.579547 0.020000 0.020000
0 0.243078 0.569601 0.020000 0.020000
0 0.245088 0.544033 0.020000 0.020000
0 0.224998 0.541191 0.020000 0.020000
0 0.258145 0.541191 0.020000 0.020000
0 0.259149 0.559661 0.020000 0.020000
0 0.260154 0.593748 0.020000 0.020000
0 0.260154 0.625000 0.020000 0.020000
0 0.279239 0.630683 0.020000 0.020000
0 0.278234 0.599432 0.020000 0.020000
0 0.277230 0.565339 0.020000 0.020000
0 0.276225 0.541191 0.020000 0.020000
0 0.293301 0.534093 0.020000 0.020000
0 0.294305 0.566759 0.020000 0.020000
0 0.293301 0.589486 0.020000 0.020000
0 0.297319 0.633525 0.020000 0.020000
0 0.310376 0.634946 0.020000 0.020000
0 0.311381 0.596590 0.020000 0.020000
0 0.312386 0.563918 0.020000 0.020000
0 0.308371 0.538349 0.020000 0.020000
0 0.325447 0.534093 0.020000 0.020000
0 0.328457 0.563918 0.020000 0.020000
0 0.331471 0.596590 0.020000 0.020000
0 0.331471 0.630683 0.020000 0.020000
0 0.357589 0.629262 0.020000 0.020000
0 0.346537 0.602273 0.020000 0.020000
0 0.343527 0.578126 0.020000 0.020000
0 0.340513 0.539770 0.020000 0.020000
0 0.349551 0.544033 0.020000 0.020000
0 0.358593 0.569601 0.020000 0.020000
0 0.370646 0.598011 0.020000 0.020000
0 0.376674 0.632104 0.020000 0.020000
0 0.378683 0.605115 0.020000 0.020000
0 0.379688 0.558241 0.020000 0.020000
0 0.377678 0.539770 0.020000 0.020000
0 0.397768 0.532672 0.020000 0.020000
0 0.394754 0.576705 0.020000 0.020000
0 0.396764 0.598011 0.020000 0.020000
0 0.395759 0.643464 0.020000 0.020000
0 0.411830 0.643464 0.020000 0.020000
0 0.412835 0.599432 0.020000 0.020000
0 0.411830 0.568180 0.020000 0.020000
0 0.414844 0.549716 0.020000 0.020000
0 0.431920 0.519885 0.020000 0.020000
0 0.431920 0.562503 0.020000 0.020000
0 0.428906 0.603694 0.020000 0.020000
0 0.430915 0.639202 0.020000 0.020000
0 0.457029 0.639202 0.020000 0.020000
0 0.451000 0.600852 0.020000 0.020000
0 0.441962 0.571022 0.020000 0.020000
0 0.440958 0.542612 0.020000 0.020000
0 0.458033 0.539770 0.020000 0.020000
0 0.462052 0.571022 0.020000 0.020000
0 0.463057 0.596590 0.020000 0.020000
0 0.468080 0.630683 0.020000 0.020000
0 0.482142 0.630683 0.020000 0.020000
0 0.479128 0.602273 0.020000 0.020000
0 0.474104 0.561082 0.020000 0.020000
0 0.479128 0.542612 0.020000 0.020000
0 0.499218 0.535514 0.020000 0.020000
0 0.499218 0.571022 0.020000 0.020000
0 0.500222 0.603694 0.020000 0.020000
0 0.498213 0.632104 0.020000 0.020000
0 0.525331 0.633525 0.020000 0.020000
0 0.513279 0.600852 0.020000 0.020000
0 0.510265 0.561082 0.020000 0.020000
0 0.511270 0.542612 0.020000 0.020000
0 0.524327 0.544033 0.020000 0.020000
0 0.528345 0.568180 0.020000 0.020000
0 0.530355 0.595169 0.020000 0.020000
0 0.530355 0.630683 0.020000 0.020000
0 0.551449 0.629262 0.020000 0.020000
0 0.551449 0.595169 0.020000 0.020000
0 0.540398 0.565339 0.020000 0.020000
0 0.540398 0.534093 0.020000 0.020000
0 0.564506 0.539770 0.020000 0.020000
0 0.563501 0.566759 0.020000 0.020000
0 0.566516 0.603694 0.020000 0.020000
0 0.567520 0.634946 0.020000 0.020000
0 0.594639 0.626421 0.020000 0.020000
0 0.581582 0.595169 0.020000 0.020000
0 0.577563 0.578126 0.020000 0.020000
0 0.577563 0.532672 0.020000 0.020000
0 0.592629 0.538349 0.020000 0.020000
0 0.596648 0.573863 0.020000 0.020000
0 0.608705 0.620738 0.020000 0.020000
0 0.611714 0.640623 0.020000 0.020000
0 0.622766 0.603694 0.020000 0.020000
0 0.616738 0.590907 0.020000 0.020000
0 0.614729 0.536935 0.020000 0.020000
0 0.623771 0.535514 0.020000 0.020000
0 0.627785 0.559661 0.020000 0.020000
0 0.635823 0.616475 0.020000 0.020000
0 0.646870 0.650568 0.020000 0.020000
0 0.655913 0.622158 0.020000 0.020000
0 0.648880 0.595169 0.020000 0.020000
0 0.651894 0.553978 0.020000 0.020000
0 0.650889 0.528410 0.020000 0.020000
0 0.659932 0.552557 0.020000 0.020000
0 0.666960 0.585230 0.020000 0.020000
0 0.666960 0.626421 0.020000 0.020000
0 0.688055 0.633525 0.020000 0.020000
0 0.685041 0.598011 0.020000 0.020000
0 0.691069 0.558241 0.020000 0.020000
0 0.686045 0.524148 0.020000 0.020000
0 0.694083 0.532672 0.020000 0.020000
0 0.700107 0.575284 0.020000 0.020000
0 0.700107 0.603694 0.020000 0.020000
0 0.702116 0.636366 0.020000 0.020000
0 0.717183 0.632104 0.020000 0.020000
0 0.722206 0.595169 0.020000 0.020000
0 0.718187 0.562503 0.020000 0.020000
0 0.718187 0.522727 0.020000 0.020000
0 0.731248 0.535514 0.020000 0.020000
0 0.729239 0.572443 0.020000 0.020000
0 0.738277 0.607956 0.020000 0.020000
0 0.734258 0.643464 0.020000 0.020000
0 0.661941 0.563918 0.020000 0.020000
0 0.093416 0.332388 0.020000 0.020000
0 0.103459 0.329547 0.020000 0.020000
0 0.119530 0.332388 0.020000 0.020000
0 0.134596 0.332388 0.020000 0.020000
0 0.144643 0.330967 0.020000 0.020000
0 0.159709 0.330967 0.020000 0.020000
0 0.180804 0.329547 0.020000 0.020000
0 0.191851 0.326705 0.020000 0.020000
0 0.208927 0.329547 0.020000 0.020000
0 0.223993 0.329547 0.020000 0.020000
0 0.251116 0.329547 0.020000 0.020000
0 0.269196 0.330967 0.020000 0.020000
0 0.277230 0.325284 0.020000 0.020000
0 0.295310 0.323863 0.020000 0.020000
0 0.310376 0.330967 0.020000 0.020000
0 0.325447 0.328126 0.020000 0.020000
0 0.344532 0.329547 0.020000 0.020000
0 0.355579 0.330967 0.020000 0.020000
0 0.384707 0.333809 0.020000 0.020000
0 0.092411 0.359377 0.020000 0.020000
0 0.091407 0.387781 0.020000 0.020000
0 0.106473 0.399148 0.020000 0.020000
0 0.110492 0.363634 0.020000 0.020000
0 0.121539 0.362219 0.020000 0.020000
0 0.130581 0.407672 0.020000 0.020000
0 0.140624 0.392044 0.020000 0.020000
0 0.143638 0.362219 0.020000 0.020000
0 0.164733 0.357956 0.020000 0.020000
0 0.162723 0.399148 0.020000 0.020000
0 0.177790 0.390623 0.020000 0.020000
0 0.182813 0.363634 0.020000 0.020000
0 0.189842 0.359377 0.020000 0.020000
0 0.195870 0.394885 0.020000 0.020000
0 0.207922 0.386366 0.020000 0.020000
0 0.213950 0.357956 0.020000 0.020000
0 0.230021 0.365054 0.020000 0.020000
0 0.229017 0.392044 0.020000 0.020000
0 0.246092 0.394885 0.020000 0.020000
0 0.250111 0.360798 0.020000 0.020000
0 0.272210 0.360798 0.020000 0.020000
0 0.267187 0.390623 0.020000 0.020000
0 0.262163 0.357956 0.020000 0.020000
0 0.267187 0.404831 0.020000 0.020000
0 0.294305 0.399148 0.020000 0.020000
0 0.290291 0.357956 0.020000 0.020000
0 0.305357 0.360798 0.020000 0.020000
0 0.313390 0.407672 0.020000 0.020000
0 0.333480 0.396306 0.020000 0.020000
0 0.327452 0.357956 0.020000 0.020000
0 0.350556 0.366475 0.020000 0.020000
0 0.350556 0.411935 0.020000 0.020000
0 0.358593 0.404831 0.020000 0.020000
0 0.361608 0.367896 0.020000 0.020000
0 0.385712 0.394885 0.020000 0.020000
0 0.377678 0.360798 0.020000 0.020000
0 0.388726 0.396306 0.020000 0.020000
0 0.391740 0.359377 0.020000 0.020000
0 0.412835 0.396306 0.020000 0.020000
0 0.404797 0.370738 0.020000 0.020000
0 0.428906 0.396306 0.020000 0.020000
0 0.426896 0.357956 0.020000 0.020000
0 0.440958 0.359377 0.020000 0.020000
0 0.447991 0.389202 0.020000 0.020000
0 0.461047 0.397727 0.020000 0.020000
0 0.468080 0.359377 0.020000 0.020000
0 0.489171 0.357956 0.020000 0.020000
0 0.489171 0.382104 0.020000 0.020000
0 0.501227 0.389202 0.020000 0.020000
0 0.506246 0.355115 0.020000 0.020000
0 0.516293 0.365054 0.020000 0.020000
0 0.519307 0.386366 0.020000 0.020000
0 0.533369 0.387781 0.020000 0.020000
0 0.536383 0.357956 0.020000 0.020000
0 0.550445 0.363634 0.020000 0.020000
0 0.545421 0.397727 0.020000 0.020000
0 0.568525 0.394885 0.020000 0.020000
0 0.568525 0.360798 0.020000 0.020000
0 0.578568 0.360798 0.020000 0.020000
0 0.580577 0.383525 0.020000 0.020000
0 0.621761 0.400568 0.020000 0.020000
0 0.600667 0.365054 0.020000 0.020000
0 0.597653 0.394885 0.020000 0.020000
0 0.607700 0.362219 0.020000 0.020000
0 0.629795 0.390623 0.020000 0.020000
0 0.634818 0.352273 0.020000 0.020000
0 0.646870 0.362219 0.020000 0.020000
0 0.649885 0.394885 0.020000 0.020000
0 0.672988 0.377842 0.020000 0.020000
0 0.666960 0.350852 0.020000 0.020000
0 0.666960 0.396306 0.020000 0.020000
0 0.678012 0.366475 0.020000 0.020000
0 0.685041 0.393464 0.020000 0.020000
0 0.703121 0.359377 0.020000 0.020000
0 0.700107 0.394885 0.020000 0.020000
0 0.714173 0.357956 0.020000 0.020000
0 0.717183 0.386366 0.020000 0.020000
0 0.735263 0.360798 0.020000 0.020000
0 0.736268 0.396306 0.020000 0.020000
0 0.092411 0.257104 0.020000 0.020000
0 0.107478 0.259946 0.020000 0.020000
0 0.126563 0.258525 0.020000 0.020000
0 0.146652 0.257104 0.020000 0.020000
0 0.157700 0.258525 0.020000 0.020000
0 0.175780 0.258525 0.020000 0.020000
0 0.198884 0.259946 0.020000 0.020000
0 0.213950 0.257104 0.020000 0.020000
0 0.230021 0.258525 0.020000 0.020000
0 0.247097 0.259946 0.020000 0.020000
0 0.262163 0.259946 0.020000 0.020000
0 0.276225 0.259946 0.020000 0.020000
0 0.296315 0.261366 0.020000 0.020000
0 0.311381 0.259946 0.020000 0.020000
0 0.329461 0.258525 0.020000 0.020000
0 0.353570 0.258525 0.020000 0.020000
0 0.377678 0.261366 0.020000 0.020000
0 0.369641 0.255683 0.020000 0.020000
0 0.394754 0.254262 0.020000 0.020000
0 0.412835 0.258525 0.020000 0.020000
0 0.444976 0.262781 0.020000 0.020000
0 0.429910 0.259946 0.020000 0.020000
0 0.464062 0.257104 0.020000 0.020000
0 0.477118 0.259946 0.020000 0.020000
0 0.490175 0.259946 0.020000 0.020000
0 0.514284 0.258525 0.020000 0.020000
0 0.534374 0.262781 0.020000 0.020000
0 0.548435 0.265623 0.020000 0.020000
0 0.561492 0.259946 0.020000 0.020000
0 0.575554 0.258525 0.020000 0.020000
0 0.610710 0.258525 0.020000 0.020000
0 0.601672 0.258525 0.020000 0.020000
0 0.626785 0.262781 0.020000 0.020000
0 0.648880 0.262781 0.020000 0.020000
0 0.662941 0.261366 0.020000 0.020000
0 0.678012 0.261366 0.020000 0.020000
0 0.694083 0.264202 0.020000 0.020000
0 0.719192 0.259946 0.020000 0.020000
0 0.728234 0.258525 0.020000 0.020000
0 0.755353 0.259946 0.020000 0.020000
0 0.743301 0.258525 0.020000 0.020000
0 0.769414 0.259946 0.020000 0.020000
0 0.774438 0.257104 0.020000 0.020000
0 0.785490 0.258525 0.020000 0.020000
0 0.804570 0.261366 0.020000 0.020000
0 0.813613 0.257104 0.020000 0.020000
0 0.831693 0.259946 0.020000 0.020000
0 0.849773 0.265623 0.020000 0.020000
0 0.871873 0.264202 0.020000 0.020000
0 0.876892 0.262781 0.020000 0.020000
0 0.892963 0.258525 0.020000 0.020000
0 0.919081 0.261366 0.020000 0.020000
0 0.913053 0.232956 0.020000 0.020000
0 0.914057 0.190339 0.020000 0.020000
0 0.898991 0.194601 0.020000 0.020000
0 0.898991 0.217328 0.020000 0.020000
0 0.887944 0.221590 0.020000 0.020000
0 0.884929 0.197443 0.020000 0.020000
0 0.869863 0.196022 0.020000 0.020000
0 0.864840 0.220169 0.020000 0.020000
0 0.847764 0.223011 0.020000 0.020000
0 0.847764 0.201705 0.020000 0.020000
0 0.835712 0.196022 0.020000 0.020000
0 0.831693 0.221590 0.020000 0.020000
0 0.814617 0.221590 0.020000 0.020000
0 0.819641 0.200284 0.020000 0.020000
0 0.797542 0.197443 0.020000 0.020000
0 0.797542 0.230115 0.020000 0.020000
0 0.786494 0.223011 0.020000 0.020000
0 0.780466 0.198863 0.020000 0.020000
0 0.768414 0.201705 0.020000 0.020000
0 0.762386 0.235798 0.020000 0.020000
0 0.748324 0.225852 0.020000 0.020000
0 0.751338 0.197443 0.020000 0.020000
0 0.735263 0.203126 0.020000 0.020000
0 0.731248 0.225852 0.020000 0.020000
0 0.715177 0.225852 0.020000 0.020000
0 0.718187 0.203126 0.020000 0.020000
0 0.701112 0.198863 0.020000 0.020000
0 0.690064 0.225852 0.020000 0.020000
0 0.709149 0.223011 0.020000 0.020000
0 0.683031 0.196022 0.020000 0.020000
0 0.668970 0.198863 0.020000 0.020000
0 0.665956 0.231536 0.020000 0.020000
0 0.644865 0.227273 0.020000 0.020000
0 0.643861 0.193180 0.020000 0.020000
0 0.637832 0.198863 0.020000 0.020000
0 0.634818 0.223011 0.020000 0.020000
0 0.620757 0.221590 0.020000 0.020000
0 0.621761 0.197443 0.020000 0.020000
0 0.596648 0.203126 0.020000 0.020000
0 0.594639 0.234377 0.020000 0.020000
0 0.584596 0.228694 0.020000 0.020000
0 0.585601 0.193180 0.020000 0.020000
0 0.566516 0.191759 0.020000 0.020000
0 0.559483 0.230115 0.020000 0.020000
0 0.551449 0.227273 0.020000 0.020000
0 0.542407 0.186082 0.020000 0.020000
0 0.535378 0.196022 0.020000 0.020000
0 0.528345 0.231536 0.020000 0.020000
0 0.479128 0.221590 0.020000 0.020000
0 0.520312 0.194601 0.020000 0.020000
0 0.501227 0.196022 0.020000 0.020000
0 0.476114 0.198863 0.020000 0.020000
0 0.489171 0.225852 0.020000 0.020000
0 0.506246 0.223011 0.020000 0.020000
0 0.462052 0.225852 0.020000 0.020000
0 0.464062 0.196022 0.020000 0.020000
0 0.439953 0.194601 0.020000 0.020000
0 0.440958 0.224432 0.020000 0.020000
0 0.434929 0.225852 0.020000 0.020000
0 0.429910 0.203126 0.020000 0.020000
0 0.419863 0.198863 0.020000 0.020000
0 0.413839 0.224432 0.020000 0.020000
0 0.405802 0.224432 0.020000 0.020000
0 0.403792 0.187497 0.020000 0.020000
0 0.375669 0.188918 0.020000 0.020000
0 0.382698 0.225852 0.020000 0.020000
0 0.366627 0.224432 0.020000 0.020000
0 0.346537 0.223011 0.020000 0.020000
0 0.338504 0.225852 0.020000 0.020000
0 0.324442 0.198863 0.020000 0.020000
0 0.346537 0.196022 0.020000 0.020000
0 0.354575 0.196022 0.020000 0.020000
0 0.324442 0.225852 0.020000 0.020000
0 0.312386 0.228694 0.020000 0.020000
0 0.297319 0.230115 0.020000 0.020000
0 0.285267 0.224432 0.020000 0.020000
0 0.275220 0.221590 0.020000 0.020000
0 0.265177 0.220169 0.020000 0.020000
0 0.259149 0.198863 0.020000 0.020000
0 0.286272 0.196022 0.020000 0.020000
0 0.306362 0.194601 0.020000 0.020000
0 0.089397 0.194601 0.020000 0.020000
0 0.088392 0.213065 0.020000 0.020000
0 0.106473 0.224432 0.020000 0.020000
0 0.108482 0.188918 0.020000 0.020000
0 0.116516 0.187497 0.020000 0.020000
0 0.127567 0.223011 0.020000 0.020000
0 0.145648 0.218748 0.020000 0.020000
0 0.145648 0.187497 0.020000 0.020000
0 0.157700 0.187497 0.020000 0.020000
0 0.161719 0.214486 0.020000 0.020000
0 0.174776 0.215907 0.020000 0.020000
0 0.182813 0.196022 0.020000 0.020000
0 0.192856 0.191759 0.020000 0.020000
0 0.195870 0.220169 0.020000 0.020000
0 0.212946 0.224432 0.020000 0.020000
0 0.211941 0.188918 0.020000 0.020000
0 0.237054 0.188918 0.020000 0.020000
0 0.233035 0.223011 0.020000 0.020000
0 0.230021 0.190339 0.020000 0.020000
0 0.248102 0.218748 0.020000 0.020000