0 0.462097 0.234376 0.020000 0.020000
0 0.489539 0.232957 0.020000 0.020000
0 0.519176 0.234376 0.020000 0.020000
0 0.523564 0.328125 0.020000 0.020000
0 0.490636 0.326706 0.020000 0.020000
0 0.462097 0.333804 0.020000 0.020000
0 0.467588 0.410510 0.020000 0.020000
0 0.492830 0.414776 0.020000 0.020000
0 0.524667 0.413349 0.020000 0.020000
0 0.521370 0.539773 0.020000 0.020000
0 0.486248 0.532667 0.020000 0.020000
0 0.463200 0.538353 0.020000 0.020000
0 0.468685 0.603694 0.020000 0.020000
0 0.492830 0.602275 0.020000 0.020000
0 0.521370 0.606533 0.020000 0.020000
0 0.461000 0.664776 0.020000 0.020000
0 0.486248 0.667616 0.020000 0.020000
0 0.519176 0.666196 0.020000 0.020000
0 0.519176 0.735796 0.020000 0.020000
0 0.490636 0.738635 0.020000 0.020000
0 0.459903 0.735796 0.020000 0.020000
0 0.463200 0.805396 0.020000 0.020000
0 0.490636 0.811082 0.020000 0.020000
0 0.522467 0.803976 0.020000 0.020000
2 0.721139 0.231537 0.373188 0.105114
2 0.721139 0.326706 0.373188 0.085224
2 0.720591 0.410510 0.372091 0.082384
2 0.718942 0.536933 0.377582 0.071027
2 0.719491 0.601565 0.374291 0.058235
2 0.718942 0.664773 0.375388 0.068180
2 0.719491 0.732953 0.376485 0.068180
2 0.720588 0.807525 0.374291 0.078125