0 0.233459 0.713068 0.020000 0.020000
0 0.382353 0.711645 0.020000 0.020000
0 0.556988 0.718750 0.020000 0.020000
1 0.758274 0.710227 0.205665 0.020000
2 0.801471 0.125711 0.125000 0.015623
2 0.391547 0.159091 0.213235 0.008527
2 0.691176 0.154830 0.121318 0.008523
2 0.263788 0.171164 0.075365 0.012782
2 0.685659 0.171164 0.147059 0.012782
2 0.375000 0.224432 0.470588 0.017045
2 0.761029 0.227273 0.224271 0.011364
2 0.518382 0.259943 0.731612 0.019886
2 0.508271 0.302555 0.737129 0.022727
2 0.251841 0.343041 0.051471 0.018464
2 0.483456 0.346591 0.091912 0.019891
2 0.740806 0.343750 0.110294 0.014209
2 0.379597 0.394886 0.457724 0.019882
2 0.668200 0.397016 0.045953 0.015623
2 0.735294 0.394886 0.047788 0.025573
2 0.791362 0.395595 0.031253 0.015627
2 0.859374 0.396307 0.049629 0.014205
2 0.515624 0.430398 0.737129 0.014205
2 0.748165 0.470173 0.102941 0.011364
2 0.488971 0.473009 0.073529 0.022727
2 0.252756 0.469459 0.056982 0.018464
2 0.372241 0.526989 0.461400 0.019886
2 0.668197 0.519886 0.049629 0.017045
2 0.727021 0.520595 0.053312 0.015627
2 0.791359 0.524148 0.038600 0.014205
2 0.859374 0.517755 0.038606 0.021309
2 0.515624 0.553266 0.737129 0.024150
2 0.375000 0.632105 0.470588 0.017045
2 0.501838 0.663355 0.746324 0.022727
2 0.208641 0.789061 0.170953 0.026986
2 0.398897 0.791905 0.202206 0.029827
2 0.599265 0.789773 0.180153 0.028409
2 0.774818 0.787643 0.167282 0.024150
2 0.212315 0.906250 0.270218 0.022727
2 0.494485 0.911220 0.216912 0.024150
2 0.665441 0.627841 0.047800 0.022727
2 0.731618 0.627841 0.047800 0.019882
2 0.792279 0.630682 0.055147 0.019891
2 0.848347 0.629973 0.053306 0.024145