0 0.748165 0.117897 0.020000 0.020000
0 0.744486 0.137782 0.020000 0.020000
0 0.748165 0.159091 0.020000 0.020000
0 0.738973 0.183236 0.020000 0.020000
0 0.744486 0.205964 0.020000 0.020000
0 0.742643 0.259945 0.020000 0.020000
0 0.634188 0.257103 0.020000 0.020000
0 0.639702 0.298297 0.020000 0.020000
0 0.742643 0.298297 0.020000 0.020000
0 0.744486 0.330964 0.020000 0.020000
0 0.654416 0.330964 0.020000 0.020000
0 0.547796 0.376418 0.020000 0.020000
0 0.582722 0.375000 0.020000 0.020000
0 0.761027 0.373582 0.020000 0.020000
0 0.814337 0.373582 0.020000 0.020000
0 0.290439 0.370739 0.020000 0.020000
0 0.345584 0.373582 0.020000 0.020000
0 0.737129 0.475855 0.020000 0.020000
0 0.735294 0.498582 0.020000 0.020000
0 0.740808 0.528412 0.020000 0.020000
0 0.733459 0.552558 0.020000 0.020000
0 0.750000 0.569600 0.020000 0.020000
0 0.746322 0.622158 0.020000 0.020000
0 0.731616 0.686079 0.020000 0.020000
0 0.737129 0.710230 0.020000 0.020000
0 0.744486 0.735794 0.020000 0.020000
0 0.740808 0.757103 0.020000 0.020000
0 0.740808 0.785509 0.020000 0.020000
0 0.740808 0.805400 0.020000 0.020000
0 0.740808 0.828127 0.020000 0.020000