0 0.121324 0.755682 0.020000 0.020000
0 0.128676 0.708809 0.020000 0.020000
0 0.126835 0.690341 0.020000 0.020000
0 0.121324 0.627841 0.020000 0.020000
0 0.123165 0.593750 0.020000 0.020000
0 0.123165 0.580964 0.020000 0.020000
0 0.125000 0.528409 0.020000 0.020000
0 0.125000 0.518464 0.020000 0.020000
0 0.123165 0.502841 0.020000 0.020000
0 0.121324 0.373582 0.020000 0.020000
0 0.123165 0.355114 0.020000 0.020000
0 0.126835 0.335227 0.020000 0.020000
1 0.327206 0.133523 0.251612 0.020000
1 0.668197 0.135652 0.246100 0.024259
1 0.266547 0.168323 0.233235 0.024264
1 0.756432 0.164773 0.216688 0.020000
1 0.617647 0.363636 0.369271 0.022836
1 0.472426 0.490768 0.567794 0.024264
1 0.618565 0.508523 0.415224 0.020000
1 0.613050 0.539773 0.415218 0.020000
1 0.616729 0.616477 0.415224 0.022845
1 0.613971 0.635655 0.406035 0.021418
1 0.637871 0.758523 0.372941 0.020000