0 0.229135 0.553976 0.020000 0.020000
0 0.247223 0.553976 0.020000 0.020000
0 0.269335 0.558239 0.020000 0.020000
0 0.287423 0.556819 0.020000 0.020000
0 0.301494 0.555400 0.020000 0.020000
0 0.253255 0.572441 0.020000 0.020000
0 0.325614 0.575284 0.020000 0.020000
0 0.385910 0.571022 0.020000 0.020000
0 0.454247 0.576704 0.020000 0.020000
0 0.299480 0.593749 0.020000 0.020000
0 0.337671 0.598012 0.020000 0.020000
0 0.359782 0.595169 0.020000 0.020000
0 0.399982 0.596593 0.020000 0.020000
0 0.432142 0.593749 0.020000 0.020000
0 0.460278 0.592330 0.020000 0.020000
0 0.480375 0.595169 0.020000 0.020000
0 0.524598 0.593749 0.020000 0.020000
0 0.305511 0.607956 0.020000 0.020000
0 0.335662 0.615058 0.020000 0.020000
0 0.363799 0.615058 0.020000 0.020000
0 0.385910 0.615058 0.020000 0.020000
0 0.414047 0.610795 0.020000 0.020000
0 0.450230 0.615058 0.020000 0.020000
0 0.466310 0.615058 0.020000 0.020000
0 0.500478 0.613638 0.020000 0.020000
0 0.659262 0.592330 0.020000 0.020000
0 0.661270 0.605113 0.020000 0.020000
0 0.699462 0.615058 0.020000 0.020000
0 0.707502 0.598012 0.020000 0.020000
0 0.727598 0.596593 0.020000 0.020000
0 0.735638 0.612215 0.020000 0.020000
0 0.771821 0.612215 0.020000 0.020000
0 0.759758 0.592330 0.020000 0.020000
0 0.787901 0.592330 0.020000 0.020000
0 0.787901 0.609376 0.020000 0.020000
0 0.826086 0.607956 0.020000 0.020000
0 0.832117 0.586648 0.020000 0.020000
0 0.862269 0.585229 0.020000 0.020000
0 0.856237 0.606533 0.020000 0.020000
0 0.888397 0.609376 0.020000 0.020000
0 0.898445 0.589487 0.020000 0.020000
0 0.832117 0.670453 0.020000 0.020000
0 0.854229 0.664771 0.020000 0.020000
0 0.878348 0.664771 0.020000 0.020000
0 0.916534 0.661932 0.020000 0.020000
0 0.430127 0.279829 0.020000 0.020000
0 0.484398 0.284091 0.020000 0.020000
0 0.522589 0.285511 0.020000 0.020000
0 0.558766 0.282672 0.020000 0.020000
0 0.615045 0.281248 0.020000 0.020000
0 0.659262 0.286930 0.020000 0.020000
0 0.691422 0.282672 0.020000 0.020000
0 0.743678 0.279829 0.020000 0.020000
0 0.783878 0.281248 0.020000 0.020000
0 0.836140 0.281248 0.020000 0.020000
0 0.886388 0.281248 0.020000 0.020000
1 0.530626 0.481535 0.719462 0.022839
2 0.407015 0.168324 0.231149 0.018469
2 0.802976 0.167614 0.215064 0.014203
2 0.798956 0.186080 0.223103 0.011364
2 0.400986 0.184660 0.231143 0.014203
2 0.614038 0.247159 0.580877 0.017046
2 0.615045 0.264205 0.578863 0.017046
2 0.324607 0.774147 0.190944 0.022728
2 0.558766 0.772016 0.160799 0.018465
2 0.805986 0.775566 0.188935 0.022728
2 0.812018 0.750000 0.188935 0.034091
2 0.424099 0.747159 0.229129 0.025571
2 0.522586 0.664773 0.385910 0.017046
2 0.618058 0.644175 0.576854 0.018465
2 0.617054 0.627841 0.578863 0.011364
2 0.654238 0.555398 0.508512 0.019885
2 0.756745 0.573863 0.303497 0.017046
2 0.876337 0.306107 0.072359 0.032668
2 0.878348 0.330257 0.068336 0.012783
2 0.878348 0.347300 0.068336 0.018465
2 0.876337 0.368608 0.068342 0.021304
2 0.874325 0.390624 0.064319 0.022728
2 0.873324 0.415483 0.058288 0.012788
2 0.811016 0.415483 0.066328 0.015626
2 0.835133 0.496449 0.050254 0.015626
2 0.882368 0.495740 0.044217 0.017046