0 0.465770 0.227275 0.020000 0.020000
0 0.546076 0.227275 0.020000 0.020000
0 0.630395 0.230114 0.020000 0.020000
0 0.698654 0.228694 0.020000 0.020000
0 0.945600 0.227275 0.020000 0.020000
0 0.871313 0.731534 0.020000 0.020000
0 0.915479 0.731534 0.020000 0.020000
0 0.875326 0.693181 0.020000 0.020000
0 0.921507 0.691762 0.020000 0.020000
0 0.919500 0.670456 0.020000 0.020000
0 0.869307 0.669036 0.020000 0.020000
0 0.865294 0.649151 0.020000 0.020000
0 0.917494 0.647725 0.020000 0.020000
0 0.921507 0.625000 0.020000 0.020000
0 0.871313 0.625000 0.020000 0.020000
0 0.873320 0.565342 0.020000 0.020000
0 0.915479 0.565342 0.020000 0.020000
0 0.917494 0.545456 0.020000 0.020000
0 0.877341 0.544036 0.020000 0.020000
0 0.865294 0.522725 0.020000 0.020000
0 0.921507 0.522725 0.020000 0.020000
0 0.921507 0.480114 0.020000 0.020000
0 0.867301 0.484373 0.020000 0.020000
0 0.863288 0.444601 0.020000 0.020000
0 0.913473 0.448865 0.020000 0.020000
0 0.923513 0.404829 0.020000 0.020000
0 0.873320 0.409094 0.020000 0.020000
0 0.865294 0.370741 0.020000 0.020000
0 0.917494 0.370741 0.020000 0.020000
1 0.303151 0.230824 0.264932 0.021420
1 0.467780 0.267047 0.280991 0.020000
1 0.819118 0.263492 0.285004 0.021420
1 0.480830 0.297586 0.258904 0.021420
1 0.809077 0.296166 0.301072 0.024259
1 0.221841 0.328124 0.154512 0.020000
1 0.519980 0.330254 0.084247 0.021420
2 0.600286 0.048295 0.232885 0.039772
2 0.833171 0.050425 0.232885 0.035513
2 0.899420 0.090909 0.112425 0.039778
2 0.761898 0.087357 0.154593 0.032674
2 0.582212 0.091619 0.200766 0.041197
2 0.722748 0.134233 0.465770 0.038352
2 0.843207 0.170456 0.220838 0.034094
2 0.605302 0.169036 0.250959 0.036933