0 0.137871 0.473009 0.020000 0.020000
0 0.255518 0.471591 0.020000 0.020000
0 0.126835 0.593750 0.020000 0.020000
0 0.363971 0.592327 0.020000 0.020000
0 0.637871 0.590909 0.020000 0.020000
0 0.637871 0.625000 0.020000 0.020000
0 0.637871 0.659091 0.020000 0.020000
0 0.363971 0.630682 0.020000 0.020000
0 0.360294 0.664773 0.020000 0.020000
0 0.358459 0.700282 0.020000 0.020000
0 0.126835 0.704545 0.020000 0.020000
0 0.128676 0.663355 0.020000 0.020000
0 0.128676 0.627841 0.020000 0.020000
1 0.316176 0.411220 0.328824 0.021423
1 0.758271 0.406250 0.253459 0.022845
1 0.722424 0.446023 0.328824 0.022845
1 0.741729 0.480114 0.286541 0.022845
1 0.727941 0.516336 0.317788 0.021418
1 0.395224 0.515625 0.181765 0.022841
1 0.334559 0.445311 0.299412 0.021423
1 0.828124 0.880682 0.132129 0.022836
1 0.499082 0.916902 0.782871 0.021423
1 0.562500 0.740057 0.656035 0.022841
1 0.500000 0.776989 0.784706 0.022841
1 0.495403 0.809659 0.782865 0.025682
1 0.498159 0.848009 0.777353 0.020000