0 0.119482 0.360794 0.020000 0.020000
0 0.115812 0.373582 0.020000 0.020000
0 0.115812 0.389206 0.020000 0.020000
0 0.503678 0.359376 0.020000 0.020000
0 0.496322 0.376418 0.020000 0.020000
0 0.503678 0.384945 0.020000 0.020000
0 0.130518 0.434661 0.020000 0.020000
0 0.123161 0.454545 0.020000 0.020000
0 0.123161 0.491479 0.020000 0.020000
1 0.495404 0.866476 0.768157 0.022842
1 0.499082 0.879261 0.768157 0.020000
1 0.498165 0.895597 0.766322 0.024261
1 0.493569 0.832385 0.775514 0.022842
1 0.496322 0.818182 0.773678 0.025685
1 0.500918 0.801136 0.768157 0.022842
1 0.499082 0.769888 0.775514 0.022842
1 0.496325 0.760655 0.770000 0.021418
1 0.500918 0.737927 0.764486 0.021418
1 0.496322 0.704545 0.773678 0.020000
1 0.498161 0.690339 0.777357 0.020000
1 0.497243 0.676133 0.779192 0.020000
1 0.686580 0.583806 0.176251 0.020000
1 0.499078 0.615055 0.771835 0.020000
1 0.499078 0.627130 0.779192 0.021424
1 0.499082 0.646306 0.775514 0.025679
1 0.634192 0.491479 0.505294 0.020000
1 0.772059 0.462358 0.200149 0.021418
1 0.498161 0.476561 0.773671 0.024261
1 0.794118 0.394885 0.200141 0.020000
1 0.428310 0.320312 0.178094 0.024261
1 0.363973 0.291903 0.288384 0.024267
1 0.777573 0.290482 0.251616 0.024261
1 0.419118 0.238636 0.376620 0.022836
1 0.763788 0.235088 0.253459 0.024261
1 0.836396 0.257103 0.119271 0.022836
1 0.642463 0.257815 0.198306 0.024261
1 0.343749 0.254973 0.247937 0.021424
1 0.369486 0.275567 0.365592 0.025679