0 0.150735 0.116477 0.020000 0.020000
0 0.253676 0.117900 0.020000 0.020000
0 0.406247 0.234373 0.020000 0.020000
0 0.319853 0.098009 0.020000 0.020000
0 0.408088 0.116477 0.020000 0.020000
0 0.154412 0.180400 0.020000 0.020000
0 0.262871 0.183236 0.020000 0.020000
0 0.238971 0.149145 0.020000 0.020000
0 0.323529 0.147727 0.020000 0.020000
0 0.408088 0.178977 0.020000 0.020000
0 0.154412 0.207386 0.020000 0.020000
0 0.148894 0.230114 0.020000 0.020000
0 0.250000 0.231536 0.020000 0.020000
0 0.237129 0.264205 0.020000 0.020000
0 0.062500 0.603691 0.020000 0.020000
0 0.097424 0.651991 0.020000 0.020000
0 0.211400 0.650568 0.020000 0.020000
0 0.306988 0.649145 0.020000 0.020000
0 0.402576 0.653409 0.020000 0.020000
1 0.354782 0.431818 0.439118 0.022836
2 0.495403 0.490766 0.895218 0.069605
2 0.500918 0.906250 0.895224 0.099427
2 0.498165 0.800425 0.897059 0.106532