0 0.316176 0.032673 0.020000 0.020000
0 0.356618 0.034091 0.020000 0.020000
0 0.444853 0.034091 0.020000 0.020000
0 0.553306 0.032673 0.020000 0.020000
0 0.580882 0.024145 0.020000 0.020000
0 0.139706 0.093750 0.020000 0.020000
0 0.082718 0.637782 0.020000 0.020000
0 0.145224 0.639205 0.020000 0.020000
0 0.110294 0.715909 0.020000 0.020000
0 0.084559 0.460227 0.020000 0.020000
0 0.134188 0.463068 0.020000 0.020000
0 0.136029 0.411932 0.020000 0.020000
0 0.077206 0.421873 0.020000 0.020000
1 0.587318 0.171877 0.698306 0.025682
1 0.606618 0.193891 0.670741 0.021418
1 0.722426 0.213068 0.450147 0.022845
1 0.413603 0.549005 0.104559 0.024264
1 0.215071 0.701705 0.137647 0.022845
1 0.210479 0.747870 0.124782 0.021423
1 0.211394 0.871450 0.130294 0.024264
1 0.215991 0.912643 0.124782 0.021423
1 0.216912 0.954545 0.122941 0.020000
1 0.634191 0.957386 0.619265 0.020000
1 0.638788 0.914773 0.624776 0.025682
1 0.636950 0.876420 0.610076 0.022841
1 0.636950 0.742900 0.610076 0.020000
1 0.637871 0.700284 0.622941 0.022841
2 0.501835 0.398436 0.897059 0.365055