0 0.296358 0.565341 0.020000 0.020000
0 0.328188 0.559663 0.020000 0.020000
0 0.354533 0.562502 0.020000 0.020000
0 0.387461 0.558235 0.020000 0.020000
0 0.419291 0.566761 0.020000 0.020000
0 0.440145 0.566761 0.020000 0.020000
0 0.440145 0.585224 0.020000 0.020000
0 0.417097 0.585224 0.020000 0.020000
0 0.383073 0.589490 0.020000 0.020000
0 0.351242 0.596588 0.020000 0.020000
0 0.328188 0.589490 0.020000 0.020000
0 0.293067 0.593749 0.020000 0.020000
0 0.298552 0.616478 0.020000 0.020000
0 0.330382 0.616478 0.020000 0.020000
0 0.355630 0.622157 0.020000 0.020000
0 0.378679 0.615059 0.020000 0.020000
0 0.405024 0.617898 0.020000 0.020000
0 0.430267 0.613639 0.020000 0.020000
0 0.433564 0.632102 0.020000 0.020000
0 0.412709 0.639208 0.020000 0.020000
0 0.384170 0.639208 0.020000 0.020000
0 0.353436 0.637780 0.020000 0.020000
0 0.327091 0.637780 0.020000 0.020000
0 0.308430 0.637780 0.020000 0.020000
0 0.301848 0.657671 0.020000 0.020000
0 0.329285 0.663349 0.020000 0.020000
0 0.356727 0.663349 0.020000 0.020000
0 0.377582 0.667616 0.020000 0.020000
0 0.405024 0.667616 0.020000 0.020000
0 0.446733 0.664776 0.020000 0.020000
0 0.446733 0.684659 0.020000 0.020000
0 0.412709 0.681820 0.020000 0.020000
0 0.380873 0.687498 0.020000 0.020000
0 0.347945 0.683239 0.020000 0.020000
0 0.328188 0.684659 0.020000 0.020000
0 0.309527 0.680400 0.020000 0.020000
0 0.304042 0.710227 0.020000 0.020000
0 0.334776 0.710227 0.020000 0.020000
0 0.358921 0.715906 0.020000 0.020000
0 0.381976 0.720173 0.020000 0.020000
0 0.409412 0.721592 0.020000 0.020000
0 0.441242 0.715906 0.020000 0.020000
2 0.300200 0.198863 0.084521 0.025569
2 0.301848 0.223012 0.081224 0.022729
2 0.301848 0.247871 0.081224 0.026988
2 0.299652 0.282671 0.085618 0.042612
2 0.302945 0.317471 0.081224 0.029827
2 0.304042 0.341620 0.079030 0.018471
2 0.303494 0.365769 0.077933 0.029827
2 0.383621 0.365769 0.082321 0.029827
2 0.384170 0.341620 0.079030 0.018471
2 0.384170 0.317471 0.079030 0.029827
2 0.383621 0.281251 0.080127 0.042612
2 0.383073 0.247161 0.079030 0.025569
2 0.384170 0.223012 0.076836 0.022729
2 0.384170 0.198863 0.079030 0.025569
2 0.670100 0.196733 0.484055 0.024149
2 0.668455 0.220882 0.487345 0.024149
2 0.669003 0.247161 0.488442 0.028408
2 0.667906 0.283380 0.490636 0.044031
2 0.669003 0.316761 0.492830 0.022729
2 0.671197 0.340200 0.486248 0.024149
2 0.671197 0.364349 0.486248 0.024149
2 0.689306 0.566051 0.454418 0.021310
2 0.688758 0.588071 0.455515 0.025569
2 0.688209 0.613639 0.456612 0.025569
2 0.689306 0.637075 0.458806 0.021302
2 0.689858 0.660510 0.453315 0.022729
2 0.688761 0.684659 0.451121 0.022729
2 0.688209 0.708808 0.452224 0.025569
2 0.147630 0.565341 0.113055 0.022729
2 0.148727 0.590910 0.110861 0.028408
2 0.149824 0.612925 0.113055 0.015624
2 0.150376 0.639208 0.116352 0.028408
2 0.149824 0.662643 0.115248 0.021302
2 0.149276 0.685369 0.114152 0.024149
2 0.150373 0.709518 0.111958 0.024149
2 0.242573 0.713776 0.072442 0.026988
2 0.242573 0.686788 0.072442 0.026988
2 0.246967 0.663349 0.072442 0.025569
2 0.245318 0.638494 0.075739 0.024141
2 0.245321 0.613639 0.071345 0.025569
2 0.242576 0.589490 0.076836 0.022729
2 0.241476 0.566761 0.070248 0.025569