0 0.553306 0.217327 0.020000 0.020000
0 0.556988 0.240055 0.020000 0.020000
0 0.558824 0.262782 0.020000 0.020000
0 0.312500 0.039773 0.020000 0.020000
0 0.408088 0.036932 0.020000 0.020000
2 0.284929 0.092330 0.397059 0.093750
2 0.382353 0.153409 0.202212 0.028409
2 0.181065 0.151989 0.200365 0.031250
2 0.283088 0.218039 0.397059 0.103695
2 0.280329 0.286932 0.395224 0.025573
2 0.647059 0.287641 0.338235 0.029827
2 0.728859 0.188209 0.163600 0.046873
2 0.730697 0.242186 0.159924 0.061082
2 0.563418 0.188918 0.167282 0.045455
2 0.564335 0.151277 0.169118 0.029827
2 0.731618 0.151277 0.165447 0.029827
2 0.567097 0.087357 0.170959 0.089486