0 0.301471 0.134945 0.020000 0.020000
0 0.301471 0.159091 0.020000 0.020000
0 0.308824 0.178977 0.020000 0.020000
0 0.305147 0.208809 0.020000 0.020000
0 0.310659 0.230114 0.020000 0.020000
0 0.312500 0.245736 0.020000 0.020000
0 0.477941 0.228691 0.020000 0.020000
0 0.476106 0.203127 0.020000 0.020000
0 0.479776 0.174718 0.020000 0.020000
0 0.479776 0.159091 0.020000 0.020000
0 0.485294 0.127841 0.020000 0.020000
0 0.705882 0.134945 0.020000 0.020000
0 0.704047 0.149145 0.020000 0.020000
0 0.709559 0.170455 0.020000 0.020000
0 0.908088 0.146309 0.020000 0.020000
0 0.915441 0.163355 0.020000 0.020000
0 0.917282 0.187500 0.020000 0.020000
0 0.915441 0.208809 0.020000 0.020000
0 0.917282 0.232955 0.020000 0.020000
0 0.915441 0.343750 0.020000 0.020000
0 0.917282 0.363636 0.020000 0.020000
0 0.917282 0.394886 0.020000 0.020000
0 0.919118 0.417614 0.020000 0.020000
0 0.920953 0.440341 0.020000 0.020000
0 0.713235 0.490055 0.020000 0.020000
0 0.707718 0.460227 0.020000 0.020000
0 0.707718 0.433236 0.020000 0.020000
0 0.704047 0.407673 0.020000 0.020000
0 0.702206 0.386364 0.020000 0.020000
0 0.705882 0.356536 0.020000 0.020000
0 0.700365 0.339491 0.020000 0.020000
0 0.479776 0.430400 0.020000 0.020000
0 0.481618 0.409091 0.020000 0.020000
0 0.479776 0.382100 0.020000 0.020000
0 0.468753 0.360795 0.020000 0.020000
0 0.488971 0.336645 0.020000 0.020000
0 0.308824 0.365055 0.020000 0.020000
0 0.305147 0.339491 0.020000 0.020000
0 0.301471 0.544036 0.020000 0.020000
0 0.308824 0.568182 0.020000 0.020000
0 0.310659 0.593750 0.020000 0.020000
0 0.476106 0.549718 0.020000 0.020000
0 0.476106 0.590909 0.020000 0.020000
0 0.477941 0.610795 0.020000 0.020000
0 0.481618 0.642045 0.020000 0.020000
0 0.702206 0.546873 0.020000 0.020000
0 0.707718 0.568182 0.020000 0.020000
0 0.707718 0.586645 0.020000 0.020000
0 0.479776 0.562500 0.020000 0.020000
0 0.913600 0.545455 0.020000 0.020000
0 0.924635 0.565341 0.020000 0.020000
0 0.915441 0.589491 0.020000 0.020000
0 0.919118 0.606536 0.020000 0.020000
0 0.917282 0.632100 0.020000 0.020000
0 0.305147 0.771309 0.020000 0.020000
0 0.477941 0.771309 0.020000 0.020000
0 0.481618 0.796873 0.020000 0.020000
0 0.481618 0.818182 0.020000 0.020000
0 0.476106 0.839491 0.020000 0.020000
0 0.472424 0.857955 0.020000 0.020000
0 0.915441 0.771309 0.020000 0.020000
0 0.920953 0.794036 0.020000 0.020000
0 0.920953 0.818182 0.020000 0.020000
0 0.920953 0.845173 0.020000 0.020000
0 0.919118 0.867900 0.020000 0.020000
2 0.413606 0.477982 0.169118 0.032673
2 0.413606 0.274145 0.169118 0.034091
2 0.832721 0.279830 0.202206 0.019886
2 0.829047 0.484373 0.205882 0.034091
2 0.407168 0.676845 0.159924 0.024145
2 0.829962 0.678977 0.200371 0.025573
2 0.409006 0.904830 0.167282 0.025568
2 0.829041 0.903409 0.213235 0.025564
2 0.721506 0.950995 0.251835 0.018464
2 0.391544 0.951705 0.386029 0.019882
2 0.610294 0.769177 0.216918 0.015627
2 0.611215 0.794032 0.211394 0.017045
2 0.606618 0.818891 0.216906 0.009945
2 0.607538 0.841618 0.218747 0.009945
2 0.608453 0.862216 0.213235 0.019886
2 0.607535 0.884234 0.215071 0.021305
2 0.607535 0.908380 0.211400 0.026986