0 0.296473 0.126421 0.020000 0.020000
0 0.322605 0.133524 0.020000 0.020000
0 0.324611 0.163349 0.020000 0.020000
0 0.291447 0.164774 0.020000 0.020000
0 0.292451 0.193180 0.020000 0.020000
0 0.322605 0.197441 0.020000 0.020000
0 0.325619 0.228690 0.020000 0.020000
0 0.293459 0.234375 0.020000 0.020000
0 0.295470 0.426138 0.020000 0.020000
0 0.328634 0.436077 0.020000 0.020000
0 0.328634 0.720169 0.020000 0.020000
0 0.287430 0.732957 0.020000 0.020000
0 0.932635 0.092330 0.020000 0.020000
0 0.965798 0.092330 0.020000 0.020000
0 0.935649 0.208805 0.020000 0.020000
0 0.968813 0.213066 0.020000 0.020000
0 0.042212 0.289771 0.020000 0.020000
0 0.060299 0.296874 0.020000 0.020000
0 0.074368 0.296874 0.020000 0.020000
0 0.091456 0.295456 0.020000 0.020000
0 0.107536 0.289771 0.020000 0.020000
0 0.125623 0.292613 0.020000 0.020000
0 0.145726 0.291195 0.020000 0.020000
0 0.161802 0.291195 0.020000 0.020000
0 0.177882 0.288352 0.020000 0.020000
0 0.191956 0.294031 0.020000 0.020000
0 0.211050 0.289771 0.020000 0.020000
0 0.226123 0.286934 0.020000 0.020000
0 0.246221 0.292613 0.020000 0.020000
0 0.262301 0.291195 0.020000 0.020000
0 0.279389 0.286934 0.020000 0.020000
0 0.296473 0.291195 0.020000 0.020000
0 0.308531 0.294031 0.020000 0.020000
0 0.325619 0.294031 0.020000 0.020000
0 0.344714 0.296874 0.020000 0.020000
0 0.368834 0.298298 0.020000 0.020000
0 0.351746 0.292613 0.020000 0.020000
0 0.382904 0.292613 0.020000 0.020000
0 0.394962 0.296874 0.020000 0.020000
0 0.409031 0.298298 0.020000 0.020000
0 0.429133 0.295456 0.020000 0.020000
0 0.443202 0.301135 0.020000 0.020000
0 0.468326 0.295456 0.020000 0.020000
0 0.462297 0.335226 0.020000 0.020000
0 0.442195 0.332384 0.020000 0.020000
0 0.426119 0.328123 0.020000 0.020000
0 0.410038 0.330966 0.020000 0.020000
0 0.393958 0.330966 0.020000 0.020000
0 0.367827 0.332384 0.020000 0.020000
0 0.357775 0.323862 0.020000 0.020000
0 0.340692 0.328123 0.020000 0.020000
0 0.327626 0.323862 0.020000 0.020000
0 0.313557 0.319602 0.020000 0.020000
0 0.295470 0.325287 0.020000 0.020000
0 0.278382 0.323862 0.020000 0.020000
0 0.258284 0.326705 0.020000 0.020000
0 0.249240 0.323862 0.020000 0.020000
0 0.238185 0.323862 0.020000 0.020000
0 0.227126 0.326705 0.020000 0.020000
0 0.215068 0.323862 0.020000 0.020000
0 0.196977 0.321020 0.020000 0.020000
0 0.172861 0.329547 0.020000 0.020000
0 0.155773 0.319602 0.020000 0.020000
0 0.139693 0.332384 0.020000 0.020000
0 0.123612 0.326705 0.020000 0.020000
0 0.106529 0.330966 0.020000 0.020000
0 0.090448 0.330966 0.020000 0.020000
0 0.073365 0.326705 0.020000 0.020000
0 0.065325 0.326705 0.020000 0.020000
0 0.038190 0.325287 0.020000 0.020000
0 0.046230 0.357954 0.020000 0.020000
0 0.062310 0.360797 0.020000 0.020000
0 0.072361 0.362215 0.020000 0.020000
0 0.093463 0.360797 0.020000 0.020000
0 0.109543 0.357954 0.020000 0.020000
0 0.123612 0.359372 0.020000 0.020000
0 0.139693 0.362215 0.020000 0.020000
0 0.163813 0.357954 0.020000 0.020000
0 0.176879 0.362215 0.020000 0.020000
0 0.186930 0.360797 0.020000 0.020000
0 0.207028 0.357954 0.020000 0.020000
0 0.221097 0.357954 0.020000 0.020000
0 0.237178 0.360797 0.020000 0.020000
0 0.260295 0.359372 0.020000 0.020000
0 0.280393 0.357954 0.020000 0.020000
0 0.294462 0.360797 0.020000 0.020000
0 0.311546 0.365057 0.020000 0.020000
0 0.330645 0.363639 0.020000 0.020000
0 0.347728 0.356536 0.020000 0.020000
0 0.359787 0.357954 0.020000 0.020000
0 0.373856 0.357954 0.020000 0.020000
0 0.400991 0.357954 0.020000 0.020000
0 0.414056 0.359372 0.020000 0.020000
0 0.426119 0.357954 0.020000 0.020000
0 0.440188 0.356536 0.020000 0.020000
0 0.461294 0.355112 0.020000 0.020000
0 0.454257 0.392046 0.020000 0.020000
0 0.439180 0.393464 0.020000 0.020000
0 0.424108 0.397725 0.020000 0.020000
0 0.410038 0.399149 0.020000 0.020000
0 0.396973 0.399149 0.020000 0.020000
0 0.381896 0.399149 0.020000 0.020000
0 0.363809 0.397725 0.020000 0.020000
0 0.347728 0.400567 0.020000 0.020000
0 0.332652 0.396307 0.020000 0.020000
0 0.312553 0.394888 0.020000 0.020000
0 0.300491 0.396307 0.020000 0.020000
0 0.283407 0.393464 0.020000 0.020000
0 0.266324 0.396307 0.020000 0.020000
0 0.253258 0.394888 0.020000 0.020000
0 0.231149 0.392046 0.020000 0.020000
0 0.214065 0.394888 0.020000 0.020000
0 0.238185 0.393464 0.020000 0.020000
0 0.199991 0.387785 0.020000 0.020000
0 0.189944 0.393464 0.020000 0.020000
0 0.174868 0.397725 0.020000 0.020000
0 0.164821 0.397725 0.020000 0.020000
0 0.144718 0.394888 0.020000 0.020000
0 0.129646 0.392046 0.020000 0.020000
0 0.100500 0.403410 0.020000 0.020000
0 0.089445 0.393464 0.020000 0.020000
0 0.073365 0.396307 0.020000 0.020000
0 0.060299 0.394888 0.020000 0.020000
0 0.043215 0.396307 0.020000 0.020000
0 0.238185 0.522728 0.020000 0.020000
0 0.253258 0.525570 0.020000 0.020000
0 0.280393 0.528407 0.020000 0.020000
0 0.297477 0.526989 0.020000 0.020000
0 0.314564 0.529831 0.020000 0.020000
0 0.339688 0.531249 0.020000 0.020000
0 0.038190 0.487218 0.020000 0.020000
0 0.056281 0.491479 0.020000 0.020000
0 0.071354 0.492897 0.020000 0.020000
0 0.090448 0.498582 0.020000 0.020000
0 0.114569 0.497158 0.020000 0.020000
0 0.123612 0.495739 0.020000 0.020000
0 0.146729 0.492897 0.020000 0.020000
0 0.162810 0.495739 0.020000 0.020000
0 0.182908 0.494321 0.020000 0.020000
0 0.194970 0.497158 0.020000 0.020000
0 0.209039 0.495739 0.020000 0.020000
0 0.223108 0.491479 0.020000 0.020000
0 0.241200 0.492897 0.020000 0.020000
0 0.259287 0.490054 0.020000 0.020000
0 0.279389 0.488636 0.020000 0.020000
0 0.289436 0.500000 0.020000 0.020000
0 0.305517 0.497158 0.020000 0.020000
0 0.329637 0.495739 0.020000 0.020000
0 0.349740 0.500000 0.020000 0.020000
0 0.365816 0.494321 0.020000 0.020000
0 0.376870 0.492897 0.020000 0.020000
0 0.393958 0.491479 0.020000 0.020000
0 0.413053 0.494321 0.020000 0.020000
0 0.430137 0.497158 0.020000 0.020000
0 0.444206 0.498582 0.020000 0.020000
0 0.463301 0.491479 0.020000 0.020000
0 0.701486 0.707387 0.020000 0.020000
0 0.723595 0.703126 0.020000 0.020000
0 0.737664 0.703126 0.020000 0.020000
0 0.747716 0.704544 0.020000 0.020000
0 0.769825 0.704544 0.020000 0.020000
0 0.789923 0.705969 0.020000 0.020000
0 0.810026 0.704544 0.020000 0.020000
0 0.816055 0.700284 0.020000 0.020000
0 0.040201 0.589487 0.020000 0.020000
0 0.054270 0.598008 0.020000 0.020000
0 0.064321 0.598008 0.020000 0.020000
0 0.095474 0.595172 0.020000 0.020000
0 0.107536 0.599433 0.020000 0.020000
0 0.117583 0.595172 0.020000 0.020000
0 0.133664 0.599433 0.020000 0.020000
0 0.159795 0.592330 0.020000 0.020000
0 0.174868 0.593748 0.020000 0.020000
0 0.195974 0.593748 0.020000 0.020000
0 0.219091 0.588069 0.020000 0.020000
0 0.238185 0.592330 0.020000 0.020000
0 0.248232 0.592330 0.020000 0.020000
0 0.275367 0.592330 0.020000 0.020000
0 0.291447 0.589487 0.020000 0.020000
0 0.308531 0.592330 0.020000 0.020000
0 0.325619 0.599433 0.020000 0.020000
0 0.350743 0.596590 0.020000 0.020000
0 0.370841 0.588069 0.020000 0.020000
0 0.393958 0.589487 0.020000 0.020000
0 0.408027 0.592330 0.020000 0.020000
0 0.447220 0.590911 0.020000 0.020000
0 0.463301 0.592330 0.020000 0.020000
0 0.425111 0.593748 0.020000 0.020000
0 0.330645 0.590911 0.020000 0.020000
0 0.261298 0.590911 0.020000 0.020000
0 0.043215 0.624997 0.020000 0.020000
0 0.061307 0.624997 0.020000 0.020000
0 0.094471 0.623579 0.020000 0.020000
0 0.102511 0.626421 0.020000 0.020000
0 0.130649 0.626421 0.020000 0.020000
0 0.164821 0.624997 0.020000 0.020000
0 0.181904 0.623579 0.020000 0.020000
0 0.228134 0.616476 0.020000 0.020000
0 0.251247 0.629264 0.020000 0.020000
0 0.200999 0.623579 0.020000 0.020000
0 0.221097 0.623579 0.020000 0.020000
0 0.139693 0.623579 0.020000 0.020000
0 0.080401 0.624997 0.020000 0.020000
0 0.265320 0.622161 0.020000 0.020000
0 0.286422 0.627839 0.020000 0.020000
0 0.306524 0.626421 0.020000 0.020000
0 0.325619 0.627839 0.020000 0.020000
0 0.347728 0.622161 0.020000 0.020000
0 0.363809 0.630682 0.020000 0.020000
0 0.369838 0.626421 0.020000 0.020000
0 0.394962 0.627839 0.020000 0.020000
0 0.406016 0.626421 0.020000 0.020000
0 0.423100 0.624997 0.020000 0.020000
0 0.446217 0.627839 0.020000 0.020000
0 0.458275 0.623579 0.020000 0.020000
0 0.338681 0.630682 0.020000 0.020000
0 0.039193 0.666192 0.020000 0.020000
0 0.048241 0.687502 0.020000 0.020000
0 0.058288 0.690338 0.020000 0.020000
0 0.060299 0.664774 0.020000 0.020000
0 0.074368 0.659089 0.020000 0.020000
0 0.073365 0.684659 0.020000 0.020000
0 0.091456 0.690338 0.020000 0.020000
0 0.090448 0.660513 0.020000 0.020000
0 0.101503 0.659089 0.020000 0.020000
0 0.106529 0.690338 0.020000 0.020000
0 0.126631 0.691762 0.020000 0.020000
0 0.122609 0.664774 0.020000 0.020000
0 0.142707 0.661931 0.020000 0.020000
0 0.145726 0.690338 0.020000 0.020000
0 0.161802 0.686077 0.020000 0.020000
0 0.158787 0.660513 0.020000 0.020000
0 0.172861 0.661931 0.020000 0.020000
0 0.168839 0.690338 0.020000 0.020000
0 0.193962 0.684659 0.020000 0.020000
0 0.191956 0.660513 0.020000 0.020000
0 0.206025 0.660513 0.020000 0.020000
0 0.209039 0.690338 0.020000 0.020000
0 0.236174 0.690338 0.020000 0.020000
0 0.227126 0.670453 0.020000 0.020000
0 0.246221 0.688920 0.020000 0.020000
0 0.245218 0.654828 0.020000 0.020000
0 0.268335 0.696023 0.020000 0.020000
0 0.266324 0.660513 0.020000 0.020000
0 0.279389 0.688920 0.020000 0.020000
0 0.282404 0.659089 0.020000 0.020000
0 0.292451 0.691762 0.020000 0.020000
0 0.289436 0.663349 0.020000 0.020000
0 0.320594 0.701702 0.020000 0.020000
0 0.309539 0.669034 0.020000 0.020000
0 0.330645 0.688920 0.020000 0.020000
0 0.325619 0.660513 0.020000 0.020000
0 0.346721 0.690338 0.020000 0.020000
0 0.338681 0.659089 0.020000 0.020000
0 0.357775 0.688920 0.020000 0.020000
0 0.359787 0.663349 0.020000 0.020000
0 0.379889 0.691762 0.020000 0.020000
0 0.380892 0.654828 0.020000 0.020000
0 0.397976 0.683241 0.020000 0.020000
0 0.399987 0.664774 0.020000 0.020000
0 0.427122 0.696023 0.020000 0.020000
0 0.418079 0.653410 0.020000 0.020000
0 0.407024 0.700284 0.020000 0.020000
0 0.425111 0.669034 0.020000 0.020000
0 0.439180 0.697441 0.020000 0.020000
0 0.446217 0.659089 0.020000 0.020000
0 0.460286 0.688920 0.020000 0.020000
0 0.463301 0.660513 0.020000 0.020000
0 0.040201 0.784092 0.020000 0.020000
0 0.058288 0.779831 0.020000 0.020000
0 0.042212 0.812498 0.020000 0.020000
0 0.057284 0.821020 0.020000 0.020000
0 0.077383 0.816759 0.020000 0.020000
0 0.079394 0.781249 0.020000 0.020000
0 0.095474 0.785510 0.020000 0.020000
0 0.097485 0.812498 0.020000 0.020000
0 0.108540 0.818183 0.020000 0.020000
0 0.111554 0.786934 0.020000 0.020000
0 0.122609 0.786934 0.020000 0.020000
0 0.130649 0.815341 0.020000 0.020000
0 0.141704 0.813923 0.020000 0.020000
0 0.139693 0.784092 0.020000 0.020000
0 0.154769 0.784092 0.020000 0.020000
0 0.158787 0.805395 0.020000 0.020000
0 0.169842 0.813923 0.020000 0.020000
0 0.170850 0.779831 0.020000 0.020000
0 0.183915 0.776989 0.020000 0.020000
0 0.186930 0.809662 0.020000 0.020000
0 0.203010 0.811080 0.020000 0.020000
0 0.203010 0.779831 0.020000 0.020000
0 0.224112 0.782667 0.020000 0.020000
0 0.222105 0.812498 0.020000 0.020000
0 0.245218 0.812498 0.020000 0.020000
0 0.243207 0.779831 0.020000 0.020000
0 0.261298 0.786934 0.020000 0.020000
0 0.273356 0.821020 0.020000 0.020000
0 0.252254 0.815341 0.020000 0.020000
0 0.275367 0.782667 0.020000 0.020000
0 0.294462 0.812498 0.020000 0.020000
0 0.296473 0.791195 0.020000 0.020000
0 0.305517 0.819602 0.020000 0.020000
0 0.316571 0.784092 0.020000 0.020000
0 0.327626 0.819602 0.020000 0.020000
0 0.331648 0.795456 0.020000 0.020000
0 0.340692 0.821020 0.020000 0.020000
0 0.349740 0.779831 0.020000 0.020000
0 0.356772 0.821020 0.020000 0.020000
0 0.362801 0.789771 0.020000 0.020000
0 0.375867 0.829547 0.020000 0.020000
0 0.376870 0.775570 0.020000 0.020000
0 0.392950 0.821020 0.020000 0.020000
0 0.395969 0.779831 0.020000 0.020000
0 0.405013 0.818183 0.020000 0.020000
0 0.413053 0.788352 0.020000 0.020000
0 0.432148 0.818183 0.020000 0.020000
0 0.431140 0.772728 0.020000 0.020000
0 0.439180 0.819602 0.020000 0.020000
0 0.445213 0.786934 0.020000 0.020000
0 0.462297 0.823862 0.020000 0.020000
0 0.458275 0.775570 0.020000 0.020000
0 0.635154 0.896307 0.020000 0.020000
0 0.633147 0.857954 0.020000 0.020000
0 0.656260 0.897725 0.020000 0.020000
0 0.656260 0.845172 0.020000 0.020000
0 0.676362 0.903410 0.020000 0.020000
0 0.666311 0.853693 0.020000 0.020000
0 0.682391 0.903410 0.020000 0.020000
0 0.679377 0.856536 0.020000 0.020000
0 0.707515 0.909089 0.020000 0.020000
0 0.707515 0.856536 0.020000 0.020000
0 0.718570 0.903410 0.020000 0.020000
0 0.716558 0.852275 0.020000 0.020000
0 0.726610 0.909089 0.020000 0.020000
0 0.729624 0.846590 0.020000 0.020000
0 0.739675 0.899149 0.020000 0.020000
0 0.745705 0.848008 0.020000 0.020000
0 0.750730 0.903410 0.020000 0.020000
0 0.757763 0.856536 0.020000 0.020000
0 0.785905 0.853693 0.020000 0.020000
0 0.552746 0.781249 0.020000 0.020000
0 0.576866 0.785510 0.020000 0.020000
0 0.566815 0.781249 0.020000 0.020000
0 0.586917 0.779831 0.020000 0.020000
0 0.601990 0.778407 0.020000 0.020000
0 0.619078 0.781249 0.020000 0.020000
0 0.634150 0.781249 0.020000 0.020000
0 0.648219 0.779831 0.020000 0.020000
0 0.663296 0.779831 0.020000 0.020000
0 0.686409 0.784092 0.020000 0.020000
0 0.696460 0.782667 0.020000 0.020000
0 0.704500 0.779831 0.020000 0.020000
0 0.720581 0.778407 0.020000 0.020000
0 0.732639 0.779831 0.020000 0.020000
0 0.744701 0.776989 0.020000 0.020000
0 0.761785 0.775570 0.020000 0.020000
0 0.774851 0.774146 0.020000 0.020000
0 0.790931 0.774146 0.020000 0.020000
0 0.805000 0.775570 0.020000 0.020000
0 0.829120 0.779831 0.020000 0.020000
0 0.850222 0.778407 0.020000 0.020000
0 0.855248 0.778407 0.020000 0.020000
0 0.879368 0.786934 0.020000 0.020000
0 0.894445 0.786934 0.020000 0.020000
0 0.965798 0.778407 0.020000 0.020000
0 0.949718 0.774146 0.020000 0.020000
0 0.930623 0.774146 0.020000 0.020000
0 0.916554 0.776989 0.020000 0.020000
0 0.893437 0.775570 0.020000 0.020000
0 0.550734 0.142046 0.020000 0.020000
0 0.547720 0.176138 0.020000 0.020000
0 0.565811 0.174713 0.020000 0.020000
0 0.568826 0.143464 0.020000 0.020000
0 0.585909 0.139203 0.020000 0.020000
0 0.585909 0.169034 0.020000 0.020000
0 0.594957 0.173295 0.020000 0.020000
0 0.594957 0.149149 0.020000 0.020000
0 0.624099 0.142046 0.020000 0.020000
0 0.628121 0.169034 0.020000 0.020000
0 0.637165 0.144888 0.020000 0.020000
0 0.653245 0.140628 0.020000 0.020000
0 0.663296 0.140628 0.020000 0.020000
0 0.683395 0.144888 0.020000 0.020000
0 0.697464 0.143464 0.020000 0.020000
0 0.716558 0.142046 0.020000 0.020000
0 0.738668 0.147725 0.020000 0.020000
0 0.757763 0.146307 0.020000 0.020000
0 0.782891 0.143464 0.020000 0.020000
0 0.813040 0.139203 0.020000 0.020000
0 0.861281 0.140628 0.020000 0.020000
0 0.869317 0.143464 0.020000 0.020000
0 0.925598 0.137785 0.020000 0.020000
0 0.967810 0.143464 0.020000 0.020000
0 0.950722 0.136361 0.020000 0.020000
0 0.939667 0.139203 0.020000 0.020000
0 0.910525 0.137785 0.020000 0.020000
0 0.895448 0.143464 0.020000 0.020000
0 0.877357 0.140628 0.020000 0.020000
0 0.850222 0.136361 0.020000 0.020000
0 0.827109 0.142046 0.020000 0.020000
0 0.797963 0.134943 0.020000 0.020000
0 0.779876 0.134943 0.020000 0.020000
0 0.701486 0.134943 0.020000 0.020000
0 0.608019 0.173295 0.020000 0.020000
0 0.628121 0.174713 0.020000 0.020000
0 0.656260 0.173295 0.020000 0.020000
0 0.668322 0.176138 0.020000 0.020000
0 0.750730 0.183241 0.020000 0.020000
0 0.751734 0.184659 0.020000 0.020000
0 0.699475 0.170453 0.020000 0.020000
0 0.708518 0.178980 0.020000 0.020000
0 0.725606 0.178980 0.020000 0.020000
0 0.744701 0.180398 0.020000 0.020000
0 0.793945 0.177556 0.020000 0.020000
0 0.805000 0.177556 0.020000 0.020000
0 0.780880 0.177556 0.020000 0.020000
0 0.773843 0.177556 0.020000 0.020000
0 0.830124 0.173295 0.020000 0.020000
0 0.869317 0.177556 0.020000 0.020000
0 0.893437 0.173295 0.020000 0.020000
0 0.856255 0.178980 0.020000 0.020000
0 0.853241 0.177556 0.020000 0.020000
0 0.829120 0.174713 0.020000 0.020000
0 0.921580 0.178980 0.020000 0.020000
0 0.927609 0.180398 0.020000 0.020000
0 0.960773 0.166192 0.020000 0.020000
0 0.968813 0.166192 0.020000 0.020000
0 0.971827 0.167616 0.020000 0.020000
0 0.934641 0.174713 0.020000 0.020000
0 0.846204 0.178980 0.020000 0.020000
0 0.550734 0.264206 0.020000 0.020000
0 0.542694 0.286934 0.020000 0.020000
0 0.548728 0.326705 0.020000 0.020000
0 0.539680 0.359372 0.020000 0.020000
0 0.562797 0.369318 0.020000 0.020000
0 0.571840 0.339487 0.020000 0.020000
0 0.564808 0.302559 0.020000 0.020000
0 0.564808 0.275570 0.020000 0.020000
0 0.583903 0.272728 0.020000 0.020000
0 0.612041 0.257103 0.020000 0.020000
0 0.623096 0.265625 0.020000 0.020000
0 0.672340 0.265625 0.020000 0.020000
0 0.686409 0.268467 0.020000 0.020000
0 0.731635 0.268467 0.020000 0.020000
0 0.766810 0.257103 0.020000 0.020000
0 0.815051 0.262782 0.020000 0.020000
0 0.837161 0.257103 0.020000 0.020000
0 0.887408 0.261364 0.020000 0.020000
0 0.936652 0.261364 0.020000 0.020000
0 0.966802 0.264206 0.020000 0.020000
0 0.951729 0.268467 0.020000 0.020000
0 0.918565 0.268467 0.020000 0.020000
0 0.897459 0.271310 0.020000 0.020000
0 0.854244 0.267043 0.020000 0.020000
0 0.820073 0.264206 0.020000 0.020000
0 0.783894 0.265625 0.020000 0.020000
0 0.732639 0.267043 0.020000 0.020000
0 0.706512 0.269885 0.020000 0.020000
0 0.643194 0.268467 0.020000 0.020000
0 0.663296 0.271310 0.020000 0.020000
0 0.743693 0.261364 0.020000 0.020000
0 0.875350 0.264206 0.020000 0.020000
0 0.582895 0.298298 0.020000 0.020000
0 0.602997 0.298298 0.020000 0.020000
0 0.633147 0.301135 0.020000 0.020000
0 0.651234 0.299716 0.020000 0.020000
0 0.678369 0.299716 0.020000 0.020000
0 0.705504 0.302559 0.020000 0.020000
0 0.739675 0.301135 0.020000 0.020000
0 0.761785 0.299716 0.020000 0.020000
0 0.797963 0.298298 0.020000 0.020000
0 0.816055 0.299716 0.020000 0.020000
0 0.848215 0.299716 0.020000 0.020000
0 0.876354 0.303977 0.020000 0.020000
0 0.901477 0.301135 0.020000 0.020000
0 0.936652 0.309662 0.020000 0.020000
0 0.964795 0.302559 0.020000 0.020000
0 0.953736 0.296874 0.020000 0.020000
0 0.924594 0.296874 0.020000 0.020000
0 0.877357 0.299716 0.020000 0.020000
0 0.859270 0.299716 0.020000 0.020000
0 0.828113 0.295456 0.020000 0.020000
0 0.787916 0.295456 0.020000 0.020000
0 0.755756 0.294031 0.020000 0.020000
0 0.724599 0.296874 0.020000 0.020000
0 0.667314 0.298298 0.020000 0.020000
0 0.585909 0.336651 0.020000 0.020000
0 0.601990 0.335226 0.020000 0.020000
0 0.623096 0.330966 0.020000 0.020000
0 0.647216 0.336651 0.020000 0.020000
0 0.675354 0.335226 0.020000 0.020000
0 0.708518 0.335226 0.020000 0.020000
0 0.724599 0.336651 0.020000 0.020000
0 0.759774 0.336651 0.020000 0.020000
0 0.778868 0.333808 0.020000 0.020000
0 0.809018 0.335226 0.020000 0.020000
0 0.839167 0.338069 0.020000 0.020000
0 0.876354 0.340911 0.020000 0.020000
0 0.922583 0.333808 0.020000 0.020000
0 0.953736 0.332384 0.020000 0.020000
0 0.979868 0.328123 0.020000 0.020000
0 0.954744 0.322444 0.020000 0.020000
0 0.916554 0.329547 0.020000 0.020000
0 0.873339 0.329547 0.020000 0.020000
0 0.830124 0.330966 0.020000 0.020000
0 0.789923 0.333808 0.020000 0.020000
0 0.737664 0.330966 0.020000 0.020000
0 0.710529 0.328123 0.020000 0.020000
0 0.676362 0.326705 0.020000 0.020000
0 0.642190 0.325287 0.020000 0.020000
0 0.596964 0.323862 0.020000 0.020000
0 0.905500 0.330966 0.020000 0.020000
0 0.856255 0.330966 0.020000 0.020000
0 0.592946 0.356536 0.020000 0.020000
0 0.561789 0.369318 0.020000 0.020000
0 0.611038 0.362215 0.020000 0.020000
0 0.642190 0.363639 0.020000 0.020000
0 0.673343 0.365057 0.020000 0.020000
0 0.705504 0.365057 0.020000 0.020000
0 0.731635 0.366476 0.020000 0.020000
0 0.757763 0.366476 0.020000 0.020000
0 0.779876 0.369318 0.020000 0.020000
0 0.808015 0.363639 0.020000 0.020000
0 0.842182 0.355112 0.020000 0.020000
0 0.873339 0.367900 0.020000 0.020000
0 0.903488 0.367900 0.020000 0.020000
0 0.936652 0.366476 0.020000 0.020000
0 0.969816 0.365057 0.020000 0.020000
0 0.975850 0.365057 0.020000 0.020000
0 0.944693 0.363639 0.020000 0.020000
0 0.923587 0.370736 0.020000 0.020000
0 0.889419 0.369318 0.020000 0.020000
0 0.853241 0.370736 0.020000 0.020000
0 0.826106 0.369318 0.020000 0.020000
0 0.781883 0.369318 0.020000 0.020000
0 0.745705 0.366476 0.020000 0.020000
0 0.683395 0.373579 0.020000 0.020000
0 0.624099 0.367900 0.020000 0.020000