0 0.340071 0.039773 0.020000 0.020000
0 0.386029 0.041191 0.020000 0.020000
0 0.448529 0.041191 0.020000 0.020000
0 0.483459 0.038355 0.020000 0.020000
0 0.551471 0.038355 0.020000 0.020000
0 0.093753 0.778409 0.020000 0.020000
0 0.091912 0.792614 0.020000 0.020000
0 0.123165 0.816764 0.020000 0.020000
0 0.102941 0.596591 0.020000 0.020000
0 0.101106 0.578127 0.020000 0.020000
0 0.099265 0.549718 0.020000 0.020000
0 0.101106 0.519886 0.020000 0.020000
0 0.101106 0.498582 0.020000 0.020000
0 0.069853 0.455964 0.020000 0.020000
0 0.134188 0.461645 0.020000 0.020000
1 0.708638 0.147727 0.459335 0.020000