0 0.069853 0.322445 0.020000 0.020000
0 0.147059 0.321023 0.020000 0.020000
0 0.060659 0.217327 0.020000 0.020000
0 0.141541 0.223009 0.020000 0.020000
0 0.068012 0.170455 0.020000 0.020000
0 0.132353 0.167614 0.020000 0.020000
0 0.068012 0.109373 0.020000 0.020000
0 0.150735 0.103691 0.020000 0.020000
0 0.316176 0.034091 0.020000 0.020000
0 0.345588 0.034091 0.020000 0.020000
0 0.378676 0.031250 0.020000 0.020000
0 0.419118 0.034091 0.020000 0.020000
0 0.461400 0.034091 0.020000 0.020000
0 0.529412 0.034091 0.020000 0.020000
0 0.507353 0.034091 0.020000 0.020000
0 0.555147 0.031250 0.020000 0.020000
0 0.591912 0.032673 0.020000 0.020000
1 0.569853 0.716618 0.306765 0.021418
1 0.125918 0.188920 0.091694 0.022841
1 0.238053 0.192473 0.099047 0.021418
1 0.411765 0.189630 0.126612 0.021423
2 0.498162 0.492900 0.900735 0.102273
2 0.504594 0.362216 0.902576 0.127841
2 0.225182 0.610086 0.347424 0.041191
2 0.580882 0.606534 0.363976 0.048295
2 0.858456 0.605825 0.187500 0.046877
2 0.801471 0.649859 0.301471 0.041191
2 0.493568 0.649148 0.314335 0.042614
2 0.199447 0.651280 0.295953 0.046877
2 0.505512 0.237925 0.904412 0.083805
2 0.498162 0.116477 0.893382 0.059664