0 0.044118 0.404827 0.020000 0.020000
0 0.121324 0.409091 0.020000 0.020000
0 0.044118 0.315341 0.020000 0.020000
0 0.134188 0.308236 0.020000 0.020000
0 0.231618 0.312500 0.020000 0.020000
0 0.345588 0.409091 0.020000 0.020000
0 0.420953 0.406250 0.020000 0.020000
0 0.406247 0.231536 0.020000 0.020000
0 0.415441 0.254264 0.020000 0.020000
0 0.560659 0.232955 0.020000 0.020000
0 0.577206 0.241477 0.020000 0.020000
0 0.801471 0.312500 0.020000 0.020000
0 0.862129 0.318182 0.020000 0.020000
0 0.580882 0.313918 0.020000 0.020000
0 0.588235 0.292614 0.020000 0.020000
0 0.511029 0.308236 0.020000 0.020000
0 0.509188 0.294036 0.020000 0.020000
0 0.455882 0.309659 0.020000 0.020000
0 0.450365 0.289773 0.020000 0.020000
0 0.345588 0.316764 0.020000 0.020000
0 0.340071 0.288355 0.020000 0.020000
1 0.240806 0.461648 0.365588 0.028523
2 0.505518 0.348011 0.367647 0.042614
2 0.824450 0.345170 0.270218 0.048295
2 0.826285 0.235086 0.281253 0.041191
2 0.770218 0.198155 0.389706 0.035509
2 0.447609 0.196023 0.255512 0.039773
2 0.179226 0.195311 0.281253 0.035514
2 0.219668 0.235084 0.362135 0.044032
2 0.273897 0.151280 0.466912 0.055395
2 0.732535 0.150568 0.465071 0.053973
2 0.825365 0.104405 0.279412 0.038355
2 0.362129 0.102273 0.647059 0.034091
2 0.183824 0.343039 0.275741 0.055395