0 0.082313 0.059658 0.020000 0.020000
0 0.078300 0.080964 0.020000 0.020000
0 0.082313 0.113637 0.020000 0.020000
0 0.078300 0.126420 0.020000 0.020000
0 0.080306 0.149151 0.020000 0.020000
0 0.080306 0.171876 0.020000 0.020000
0 0.082313 0.197446 0.020000 0.020000
0 0.080306 0.220171 0.020000 0.020000
0 0.080306 0.250000 0.020000 0.020000
0 0.289098 0.066762 0.020000 0.020000
0 0.413570 0.083808 0.020000 0.020000
0 0.333272 0.102275 0.020000 0.020000
0 0.267019 0.127839 0.020000 0.020000
0 0.287091 0.149151 0.020000 0.020000
0 0.377438 0.167611 0.020000 0.020000
0 0.242925 0.191762 0.020000 0.020000
0 0.178678 0.244316 0.020000 0.020000
0 0.188719 0.242896 0.020000 0.020000
0 0.212812 0.244316 0.020000 0.020000
0 0.236898 0.245741 0.020000 0.020000
0 0.252965 0.245741 0.020000 0.020000
0 0.287091 0.244316 0.020000 0.020000
0 0.269025 0.241477 0.020000 0.020000
0 0.313191 0.244316 0.020000 0.020000
0 0.337284 0.244316 0.020000 0.020000
0 0.355351 0.247161 0.020000 0.020000
0 0.369404 0.244316 0.020000 0.020000
0 0.387478 0.244316 0.020000 0.020000
0 0.403537 0.245741 0.020000 0.020000
0 0.419597 0.245741 0.020000 0.020000
0 0.447703 0.248580 0.020000 0.020000
0 0.142538 0.596591 0.020000 0.020000
0 0.158606 0.598010 0.020000 0.020000
0 0.174666 0.596591 0.020000 0.020000
0 0.192732 0.593751 0.020000 0.020000
0 0.220838 0.596591 0.020000 0.020000
0 0.244932 0.593751 0.020000 0.020000
0 0.260991 0.593751 0.020000 0.020000
0 0.281072 0.598010 0.020000 0.020000
0 0.136519 0.615057 0.020000 0.020000
0 0.158606 0.616477 0.020000 0.020000
0 0.180685 0.617896 0.020000 0.020000
0 0.200766 0.619316 0.020000 0.020000
0 0.216825 0.619316 0.020000 0.020000
0 0.230878 0.617896 0.020000 0.020000
0 0.254972 0.617896 0.020000 0.020000
0 0.279065 0.620741 0.020000 0.020000
0 0.295125 0.617896 0.020000 0.020000
0 0.319210 0.617896 0.020000 0.020000
0 0.339291 0.619316 0.020000 0.020000
0 0.373417 0.617896 0.020000 0.020000
0 0.323231 0.417611 0.020000 0.020000
0 0.409557 0.419036 0.020000 0.020000
0 0.528010 0.417611 0.020000 0.020000
0 0.614335 0.420456 0.020000 0.020000
0 0.148566 0.438922 0.020000 0.020000
0 0.184706 0.440342 0.020000 0.020000
0 0.164625 0.438922 0.020000 0.020000
0 0.198759 0.440342 0.020000 0.020000
0 0.226865 0.438922 0.020000 0.020000
0 0.242925 0.444601 0.020000 0.020000
0 0.262998 0.443181 0.020000 0.020000
0 0.277051 0.441762 0.020000 0.020000
0 0.305157 0.438922 0.020000 0.020000
0 0.319210 0.441762 0.020000 0.020000
0 0.341297 0.444601 0.020000 0.020000
0 0.359363 0.444601 0.020000 0.020000
0 0.389484 0.446021 0.020000 0.020000
0 0.403537 0.446021 0.020000 0.020000
0 0.437663 0.441762 0.020000 0.020000
0 0.455737 0.441762 0.020000 0.020000
0 0.477816 0.444601 0.020000 0.020000
0 0.411563 0.443181 0.020000 0.020000
0 0.487857 0.447446 0.020000 0.020000
0 0.521982 0.443181 0.020000 0.020000
0 0.548082 0.440342 0.020000 0.020000
0 0.564150 0.446021 0.020000 0.020000
0 0.594263 0.441762 0.020000 0.020000
0 0.628388 0.438922 0.020000 0.020000
0 0.656495 0.438922 0.020000 0.020000
0 0.676575 0.438922 0.020000 0.020000
0 0.692635 0.441762 0.020000 0.020000
0 0.728775 0.438922 0.020000 0.020000
0 0.710701 0.443181 0.020000 0.020000
0 0.752861 0.440342 0.020000 0.020000
0 0.778961 0.446021 0.020000 0.020000
0 0.797035 0.444601 0.020000 0.020000
0 0.819114 0.444601 0.020000 0.020000
0 0.855254 0.446021 0.020000 0.020000
0 0.869307 0.443181 0.020000 0.020000
0 0.895407 0.441762 0.020000 0.020000
0 0.907454 0.443181 0.020000 0.020000
0 0.917494 0.443181 0.020000 0.020000
0 0.825141 0.355114 0.020000 0.020000
0 0.841201 0.350849 0.020000 0.020000
0 0.867301 0.352275 0.020000 0.020000
0 0.895407 0.349430 0.020000 0.020000
0 0.913473 0.353694 0.020000 0.020000
0 0.929533 0.350849 0.020000 0.020000
0 0.465770 0.350849 0.020000 0.020000
0 0.499903 0.353694 0.020000 0.020000
0 0.507929 0.353694 0.020000 0.020000
0 0.538050 0.353694 0.020000 0.020000
0 0.550089 0.355114 0.020000 0.020000
0 0.570169 0.357953 0.020000 0.020000
0 0.584222 0.356534 0.020000 0.020000
0 0.598276 0.357953 0.020000 0.020000
0 0.614335 0.356534 0.020000 0.020000
0 0.638429 0.356534 0.020000 0.020000
0 0.652482 0.356534 0.020000 0.020000
0 0.670548 0.355114 0.020000 0.020000
0 0.692635 0.352275 0.020000 0.020000
0 0.724754 0.349430 0.020000 0.020000
0 0.413570 0.352275 0.020000 0.020000
0 0.391491 0.352275 0.020000 0.020000
0 0.369404 0.353694 0.020000 0.020000
0 0.130500 0.350849 0.020000 0.020000
0 0.156600 0.352275 0.020000 0.020000
0 0.180685 0.353694 0.020000 0.020000
0 0.194738 0.353694 0.020000 0.020000
0 0.220838 0.353694 0.020000 0.020000
0 0.258985 0.355114 0.020000 0.020000
0 0.291104 0.352275 0.020000 0.020000
0 0.234891 0.352275 0.020000 0.020000
0 0.315197 0.355114 0.020000 0.020000
0 0.329251 0.355114 0.020000 0.020000
0 0.343304 0.355114 0.020000 0.020000
0 0.598276 0.375000 0.020000 0.020000
0 0.361378 0.372161 0.020000 0.020000
0 0.612329 0.400570 0.020000 0.020000
0 0.640435 0.396306 0.020000 0.020000
0 0.662522 0.400570 0.020000 0.020000
0 0.674569 0.400570 0.020000 0.020000
0 0.700669 0.400570 0.020000 0.020000
0 0.716728 0.399151 0.020000 0.020000
0 0.740822 0.399151 0.020000 0.020000
0 0.758888 0.397725 0.020000 0.020000
0 0.784988 0.394886 0.020000 0.020000
0 0.805060 0.397725 0.020000 0.020000
0 0.827147 0.400570 0.020000 0.020000
0 0.841201 0.400570 0.020000 0.020000
0 0.863288 0.400570 0.020000 0.020000
0 0.877341 0.400570 0.020000 0.020000
0 0.885367 0.401990 0.020000 0.020000
0 0.901426 0.401990 0.020000 0.020000
0 0.919500 0.400570 0.020000 0.020000
0 0.931547 0.376420 0.020000 0.020000
0 0.909460 0.375000 0.020000 0.020000
0 0.883360 0.373580 0.020000 0.020000
0 0.861273 0.373580 0.020000 0.020000
0 0.829154 0.376420 0.020000 0.020000
0 0.839194 0.373580 0.020000 0.020000
0 0.809081 0.375000 0.020000 0.020000
0 0.784988 0.373580 0.020000 0.020000
0 0.760894 0.372161 0.020000 0.020000
0 0.726761 0.376420 0.020000 0.020000
0 0.748848 0.376420 0.020000 0.020000
0 0.712707 0.372161 0.020000 0.020000
0 0.690629 0.373580 0.020000 0.020000
0 0.666535 0.372161 0.020000 0.020000
0 0.632409 0.370741 0.020000 0.020000
0 0.602288 0.377839 0.020000 0.020000
0 0.660516 0.376420 0.020000 0.020000
0 0.413570 0.387782 0.020000 0.020000
0 0.391491 0.393466 0.020000 0.020000
0 0.375431 0.397725 0.020000 0.020000
0 0.353344 0.394886 0.020000 0.020000
0 0.337284 0.393466 0.020000 0.020000
0 0.315197 0.394886 0.020000 0.020000
0 0.303151 0.394886 0.020000 0.020000
0 0.281072 0.393466 0.020000 0.020000
0 0.267019 0.393466 0.020000 0.020000
0 0.248944 0.392047 0.020000 0.020000
0 0.222844 0.392047 0.020000 0.020000
0 0.202772 0.392047 0.020000 0.020000
0 0.162619 0.393466 0.020000 0.020000
0 0.166632 0.370741 0.020000 0.020000
0 0.188719 0.375000 0.020000 0.020000
0 0.208791 0.377839 0.020000 0.020000
0 0.188719 0.389202 0.020000 0.020000
0 0.238912 0.375000 0.020000 0.020000
0 0.228872 0.372161 0.020000 0.020000
0 0.262998 0.370741 0.020000 0.020000
0 0.291104 0.375000 0.020000 0.020000
0 0.301144 0.375000 0.020000 0.020000
0 0.327244 0.375000 0.020000 0.020000
0 0.244932 0.306819 0.020000 0.020000
0 0.271031 0.306819 0.020000 0.020000
0 0.295125 0.306819 0.020000 0.020000
0 0.309178 0.305399 0.020000 0.020000
0 0.321225 0.305399 0.020000 0.020000
0 0.337284 0.306819 0.020000 0.020000
0 0.351338 0.306819 0.020000 0.020000
0 0.365391 0.306819 0.020000 0.020000
0 0.381450 0.305399 0.020000 0.020000
0 0.401531 0.305399 0.020000 0.020000
0 0.425616 0.305399 0.020000 0.020000
0 0.431644 0.305399 0.020000 0.020000
0 0.461757 0.301135 0.020000 0.020000
0 0.481829 0.302554 0.020000 0.020000
0 0.497897 0.302554 0.020000 0.020000
0 0.519976 0.302554 0.020000 0.020000
0 0.550089 0.301135 0.020000 0.020000
0 0.566156 0.301135 0.020000 0.020000
0 0.602288 0.298295 0.020000 0.020000
0 0.622369 0.302554 0.020000 0.020000
0 0.658501 0.308238 0.020000 0.020000
0 0.632409 0.305399 0.020000 0.020000
0 0.682595 0.306819 0.020000 0.020000
0 0.706688 0.305399 0.020000 0.020000
0 0.728775 0.305399 0.020000 0.020000
0 0.748848 0.306819 0.020000 0.020000
0 0.778961 0.303979 0.020000 0.020000
0 0.799041 0.306819 0.020000 0.020000
0 0.811088 0.305399 0.020000 0.020000
0 0.833167 0.303979 0.020000 0.020000
0 0.851241 0.306819 0.020000 0.020000
0 0.867301 0.306819 0.020000 0.020000
0 0.901426 0.306819 0.020000 0.020000
0 0.927526 0.306819 0.020000 0.020000
0 0.929533 0.325285 0.020000 0.020000
0 0.905447 0.329544 0.020000 0.020000
0 0.883360 0.326705 0.020000 0.020000
0 0.855254 0.326705 0.020000 0.020000
0 0.839194 0.326705 0.020000 0.020000
0 0.823135 0.326705 0.020000 0.020000
0 0.803054 0.328124 0.020000 0.020000
0 0.786994 0.330964 0.020000 0.020000
0 0.774948 0.330964 0.020000 0.020000
0 0.760894 0.328124 0.020000 0.020000
0 0.742828 0.329544 0.020000 0.020000
0 0.738807 0.329544 0.020000 0.020000
0 0.736801 0.328124 0.020000 0.020000
0 0.706688 0.326705 0.020000 0.020000
0 0.690629 0.326705 0.020000 0.020000
0 0.670548 0.325285 0.020000 0.020000
0 0.652482 0.325285 0.020000 0.020000
0 0.624376 0.325285 0.020000 0.020000
0 0.644448 0.328124 0.020000 0.020000
0 0.608316 0.329544 0.020000 0.020000
0 0.594263 0.329544 0.020000 0.020000
0 0.566156 0.332389 0.020000 0.020000
0 0.548082 0.329544 0.020000 0.020000
0 0.521982 0.330964 0.020000 0.020000
0 0.511950 0.328124 0.020000 0.020000
0 0.507929 0.328124 0.020000 0.020000
0 0.485850 0.326705 0.020000 0.020000
0 0.463763 0.329544 0.020000 0.020000
0 0.449710 0.328124 0.020000 0.020000
0 0.429637 0.326705 0.020000 0.020000
0 0.409557 0.325285 0.020000 0.020000
0 0.389484 0.323865 0.020000 0.020000
0 0.353344 0.326705 0.020000 0.020000
0 0.305157 0.332389 0.020000 0.020000
0 0.325238 0.332389 0.020000 0.020000
0 0.281072 0.330964 0.020000 0.020000
0 0.258985 0.329544 0.020000 0.020000
0 0.230878 0.333808 0.020000 0.020000
0 0.214819 0.328124 0.020000 0.020000
0 0.198759 0.329544 0.020000 0.020000
0 0.182691 0.329544 0.020000 0.020000
0 0.168638 0.329544 0.020000 0.020000
0 0.138525 0.328124 0.020000 0.020000
0 0.104400 0.330964 0.020000 0.020000
0 0.084319 0.329544 0.020000 0.020000