0 0.102941 0.676136 0.020000 0.020000
0 0.097424 0.721591 0.020000 0.020000
0 0.101106 0.764205 0.020000 0.020000
0 0.102941 0.812500 0.020000 0.020000
0 0.068012 0.640627 0.020000 0.020000
0 0.139706 0.642045 0.020000 0.020000
0 0.066176 0.875000 0.020000 0.020000
0 0.136029 0.873582 0.020000 0.020000
0 0.134188 0.914773 0.020000 0.020000
0 0.058824 0.917614 0.020000 0.020000
0 0.095588 0.559659 0.020000 0.020000
0 0.104776 0.515627 0.020000 0.020000
0 0.066176 0.481536 0.020000 0.020000
0 0.139706 0.484373 0.020000 0.020000
0 0.101106 0.401991 0.020000 0.020000
0 0.099265 0.289773 0.020000 0.020000
0 0.101106 0.242900 0.020000 0.020000
0 0.101106 0.198864 0.020000 0.020000
0 0.097424 0.153409 0.020000 0.020000
1 0.454962 0.567473 0.514488 0.021418