0 0.514706 0.105114 0.020000 0.020000
0 0.459559 0.545455 0.020000 0.020000
0 0.395224 0.546873 0.020000 0.020000
0 0.323529 0.541191 0.020000 0.020000
0 0.238971 0.538355 0.020000 0.020000
0 0.163600 0.545455 0.020000 0.020000
0 0.110294 0.539773 0.020000 0.020000
1 0.132353 0.090909 0.086176 0.022836
1 0.236212 0.090909 0.062282 0.020000
1 0.300553 0.172584 0.459341 0.021423
1 0.514706 0.687500 0.906024 0.022836
2 0.740806 0.119318 0.433824 0.045455
2 0.740806 0.203125 0.433824 0.122159
2 0.216912 0.119318 0.294118 0.042618
2 0.659929 0.083805 0.602941 0.028409
2 0.308824 0.082386 0.091906 0.031245
2 0.415441 0.280539 0.224271 0.024150
2 0.745406 0.276280 0.435659 0.035514
2 0.184741 0.687500 0.222424 0.056818
2 0.411765 0.687500 0.220588 0.056818
2 0.635112 0.688209 0.226106 0.058236
2 0.850185 0.688209 0.204041 0.058236
2 0.850182 0.731536 0.211400 0.034091
2 0.852024 0.764205 0.207718 0.034091
2 0.850185 0.810368 0.207724 0.029827
2 0.851106 0.840198 0.205882 0.029832
2 0.853862 0.869318 0.211394 0.028409
2 0.637871 0.838068 0.220588 0.028409
2 0.634194 0.808950 0.227941 0.029827
2 0.639706 0.869318 0.220588 0.036927
2 0.412685 0.870030 0.229782 0.029832
2 0.413606 0.840909 0.227941 0.028409
2 0.410847 0.811791 0.222424 0.032673
2 0.190259 0.809659 0.222424 0.031245
2 0.185659 0.840198 0.220588 0.029832
2 0.184741 0.870739 0.222424 0.031250
2 0.190256 0.764914 0.229782 0.029827
2 0.416359 0.764914 0.226106 0.029827
2 0.634191 0.766334 0.224265 0.026986
2 0.635109 0.733666 0.218747 0.029832
2 0.411765 0.734375 0.220588 0.025568
2 0.190259 0.732245 0.222424 0.032673
2 0.185659 0.580255 0.220588 0.055400
2 0.411765 0.581677 0.231624 0.052555
2 0.186582 0.507102 0.226106 0.031250
2 0.412685 0.506391 0.226100 0.032673
2 0.407168 0.477273 0.218747 0.031255
2 0.414524 0.448152 0.226106 0.026986
2 0.411765 0.416902 0.231624 0.032668
2 0.409924 0.385655 0.213235 0.032673
2 0.414521 0.355823 0.222429 0.026991
2 0.187500 0.356536 0.227941 0.022727
2 0.189338 0.384945 0.224265 0.034091
2 0.186579 0.416193 0.222429 0.031250
2 0.188418 0.443893 0.226106 0.029832
2 0.190259 0.475141 0.222424 0.029827
2 0.635109 0.355823 0.218747 0.026991
2 0.850182 0.355114 0.211400 0.028409
2 0.635112 0.384232 0.215071 0.026991
2 0.848347 0.384232 0.211400 0.026991
2 0.639706 0.415484 0.216918 0.026986
2 0.852024 0.414773 0.207718 0.028409
2 0.637871 0.445311 0.220588 0.035514
2 0.852941 0.448864 0.209553 0.034091
2 0.632353 0.475141 0.216918 0.026991
2 0.853859 0.475141 0.222424 0.026991
2 0.636950 0.505682 0.218747 0.022727
2 0.852941 0.503550 0.213235 0.026991
2 0.638788 0.537641 0.218753 0.029827
2 0.853862 0.531250 0.211394 0.042609
2 0.638788 0.570311 0.218753 0.024150
2 0.852024 0.568182 0.207718 0.028409
2 0.637868 0.593750 0.216912 0.031245
2 0.853859 0.597300 0.204047 0.032673