0 0.270224 0.782673 0.020000 0.020000
0 0.323529 0.781250 0.020000 0.020000
0 0.744482 0.782673 0.020000 0.020000
0 0.795953 0.782673 0.020000 0.020000
0 0.746324 0.855114 0.020000 0.020000
0 0.797794 0.853691 0.020000 0.020000
0 0.102941 0.426136 0.020000 0.020000
0 0.090071 0.627841 0.020000 0.020000
0 0.150735 0.632100 0.020000 0.020000
2 0.287682 0.552557 0.424635 0.036932
2 0.717829 0.551848 0.435659 0.038350
2 0.595588 0.589489 0.191176 0.031250
2 0.814338 0.587357 0.246324 0.035514
2 0.719668 0.622868 0.446688 0.041191
2 0.288606 0.588068 0.419118 0.039773
2 0.221506 0.463068 0.292282 0.045455
2 0.504597 0.463780 0.277571 0.044032
2 0.789521 0.462359 0.292276 0.041191
2 0.874079 0.710227 0.126841 0.051136
2 0.750918 0.711648 0.119482 0.048295
2 0.595588 0.708807 0.191176 0.042614
2 0.291359 0.708807 0.417282 0.048295
2 0.817094 0.138495 0.233459 0.188918
2 0.815259 0.254261 0.237129 0.042614
2 0.626838 0.061791 0.150735 0.046873