0 0.459903 0.700282 0.020000 0.020000
0 0.490636 0.701702 0.020000 0.020000
0 0.520273 0.700282 0.020000 0.020000
0 0.520273 0.623576 0.020000 0.020000
0 0.491733 0.617898 0.020000 0.020000
0 0.463200 0.619318 0.020000 0.020000
0 0.463200 0.546878 0.020000 0.020000
0 0.496127 0.544031 0.020000 0.020000
0 0.519176 0.546878 0.020000 0.020000
0 0.518079 0.495741 0.020000 0.020000
0 0.490636 0.497161 0.020000 0.020000
0 0.466491 0.495741 0.020000 0.020000
0 0.465394 0.454549 0.020000 0.020000
0 0.488442 0.453122 0.020000 0.020000
0 0.521370 0.455969 0.020000 0.020000
0 0.520273 0.413349 0.020000 0.020000
0 0.489539 0.414776 0.020000 0.020000
0 0.463200 0.413349 0.020000 0.020000
0 0.463200 0.262784 0.020000 0.020000
0 0.490636 0.262784 0.020000 0.020000
0 0.519176 0.262784 0.020000 0.020000
0 0.520273 0.356533 0.020000 0.020000
0 0.488442 0.353694 0.020000 0.020000
0 0.463200 0.359373 0.020000 0.020000
2 0.721136 0.259941 0.377582 0.113639
2 0.720039 0.355114 0.379776 0.076706
2 0.719491 0.412643 0.378679 0.038353
2 0.721688 0.454545 0.372091 0.045451
2 0.721688 0.495737 0.372091 0.036933
2 0.719491 0.546875 0.376485 0.065341
2 0.718394 0.617188 0.374291 0.072447
2 0.717297 0.699576 0.376485 0.092329