0 0.053306 0.232955 0.020000 0.020000
0 0.150735 0.232955 0.020000 0.020000
0 0.244482 0.235795 0.020000 0.020000
0 0.593753 0.234373 0.020000 0.020000
1 0.453126 0.239345 0.209335 0.021418
1 0.663603 0.238636 0.067794 0.022836
1 0.869485 0.299716 0.163382 0.022841
2 0.830882 0.197441 0.231624 0.028409
2 0.829044 0.227273 0.224265 0.028409
2 0.498159 0.255682 0.904412 0.034091
2 0.303309 0.287641 0.511029 0.026991
2 0.265624 0.338777 0.439341 0.075282
2 0.720588 0.340909 0.452212 0.068182
2 0.269300 0.411220 0.446694 0.078123
2 0.721509 0.414064 0.450371 0.078127
2 0.497244 0.496450 0.884194 0.086645
2 0.108453 0.564632 0.125000 0.026991
2 0.417279 0.558239 0.488971 0.031250
2 0.808824 0.558239 0.275741 0.025568
2 0.496324 0.592332 0.900741 0.028409
2 0.266544 0.621448 0.444853 0.024150
2 0.717829 0.618607 0.450365 0.029832
2 0.116726 0.664773 0.137865 0.028409
2 0.275735 0.669032 0.176471 0.028409
2 0.425553 0.668323 0.130518 0.026991
2 0.717829 0.667614 0.450365 0.028409
2 0.201288 0.772727 0.314341 0.028409
2 0.520221 0.771307 0.312500 0.031250
2 0.204962 0.800427 0.318018 0.032673
2 0.517465 0.804686 0.318012 0.029827
2 0.200368 0.922586 0.312500 0.029827
2 0.520224 0.924714 0.308824 0.028409
2 0.805147 0.845882 0.264706 0.183236