0 0.777852 0.181817 0.020000 0.020000
0 0.777852 0.203125 0.020000 0.020000
0 0.771821 0.227272 0.020000 0.020000
0 0.856237 0.231535 0.020000 0.020000
0 0.860260 0.217328 0.020000 0.020000
0 0.856237 0.184660 0.020000 0.020000
0 0.777852 0.322441 0.020000 0.020000
0 0.779861 0.359376 0.020000 0.020000
0 0.777852 0.397726 0.020000 0.020000
0 0.781869 0.440342 0.020000 0.020000
0 0.783878 0.478692 0.020000 0.020000
0 0.862269 0.474434 0.020000 0.020000
0 0.858246 0.440342 0.020000 0.020000
0 0.860260 0.406251 0.020000 0.020000
0 0.864277 0.362215 0.020000 0.020000
0 0.860260 0.326704 0.020000 0.020000
0 0.773829 0.612215 0.020000 0.020000
0 0.769812 0.664771 0.020000 0.020000
0 0.779861 0.707388 0.020000 0.020000
0 0.777852 0.771308 0.020000 0.020000
0 0.860260 0.771308 0.020000 0.020000
0 0.860260 0.705964 0.020000 0.020000
0 0.856237 0.669034 0.020000 0.020000
0 0.856237 0.617897 0.020000 0.020000
1 0.365811 0.814630 0.434053 0.021419
1 0.360786 0.861507 0.428022 0.027101