0 0.069853 0.940341 0.020000 0.020000
0 0.073529 0.884945 0.020000 0.020000
0 0.174635 0.879264 0.020000 0.020000
0 0.382353 0.883523 0.020000 0.020000
0 0.500000 0.886364 0.020000 0.020000
0 0.615812 0.883523 0.020000 0.020000
0 0.845588 0.886364 0.020000 0.020000
0 0.670953 0.850855 0.020000 0.020000
0 0.512871 0.848009 0.020000 0.020000
0 0.237129 0.845173 0.020000 0.020000
0 0.077206 0.850855 0.020000 0.020000
0 0.071694 0.809659 0.020000 0.020000
0 0.068012 0.789773 0.020000 0.020000
0 0.161765 0.786932 0.020000 0.020000
0 0.386029 0.789773 0.020000 0.020000
0 0.404412 0.808236 0.020000 0.020000
0 0.623165 0.784091 0.020000 0.020000
0 0.676471 0.808236 0.020000 0.020000
0 0.784929 0.789773 0.020000 0.020000
0 0.064341 0.711645 0.020000 0.020000
0 0.130518 0.717327 0.020000 0.020000
0 0.102941 0.678977 0.020000 0.020000
0 0.097424 0.669036 0.020000 0.020000
0 0.095588 0.649145 0.020000 0.020000
0 0.099265 0.636364 0.020000 0.020000
0 0.411765 0.633523 0.020000 0.020000
0 0.411765 0.651991 0.020000 0.020000
0 0.411765 0.667614 0.020000 0.020000
0 0.417282 0.678977 0.020000 0.020000
0 0.685659 0.586645 0.020000 0.020000
0 0.808824 0.535509 0.020000 0.020000
0 0.876835 0.536932 0.020000 0.020000
0 0.683824 0.521309 0.020000 0.020000
0 0.520224 0.588068 0.020000 0.020000
0 0.527576 0.517045 0.020000 0.020000
0 0.369482 0.592327 0.020000 0.020000
0 0.376835 0.524145 0.020000 0.020000
0 0.295953 0.586645 0.020000 0.020000
0 0.305147 0.519886 0.020000 0.020000
0 0.172794 0.589491 0.020000 0.020000
0 0.170953 0.519886 0.020000 0.020000
0 0.139706 0.573864 0.020000 0.020000
0 0.141541 0.617900 0.020000 0.020000
0 0.064341 0.619318 0.020000 0.020000
0 0.069853 0.590909 0.020000 0.020000
0 0.069853 0.571023 0.020000 0.020000
0 0.079047 0.519886 0.020000 0.020000
0 0.073529 0.505682 0.020000 0.020000
0 0.137871 0.501418 0.020000 0.020000
0 0.716912 0.254264 0.020000 0.020000
0 0.773894 0.254264 0.020000 0.020000
0 0.354776 0.177555 0.020000 0.020000
0 0.321694 0.180400 0.020000 0.020000
0 0.301471 0.180400 0.020000 0.020000
0 0.272059 0.181818 0.020000 0.020000
0 0.220588 0.178977 0.020000 0.020000
0 0.194853 0.180400 0.020000 0.020000
0 0.143382 0.180400 0.020000 0.020000
0 0.115812 0.176136 0.020000 0.020000
0 0.080882 0.176136 0.020000 0.020000
0 0.075365 0.142045 0.020000 0.020000
0 0.102941 0.142045 0.020000 0.020000
0 0.128676 0.143464 0.020000 0.020000
0 0.163600 0.142045 0.020000 0.020000
0 0.191176 0.144886 0.020000 0.020000
0 0.218753 0.142045 0.020000 0.020000
0 0.251835 0.140627 0.020000 0.020000
0 0.272059 0.142045 0.020000 0.020000
0 0.297794 0.143464 0.020000 0.020000
0 0.319853 0.142045 0.020000 0.020000
0 0.356618 0.139205 0.020000 0.020000
0 0.378676 0.140627 0.020000 0.020000
0 0.419118 0.143464 0.020000 0.020000
0 0.452206 0.143464 0.020000 0.020000
0 0.487129 0.140627 0.020000 0.020000
0 0.514706 0.139205 0.020000 0.020000
0 0.547794 0.140627 0.020000 0.020000
0 0.573529 0.139205 0.020000 0.020000
0 0.610294 0.146309 0.020000 0.020000
0 0.636029 0.146309 0.020000 0.020000
0 0.659929 0.142045 0.020000 0.020000
0 0.683824 0.143464 0.020000 0.020000
0 0.705882 0.143464 0.020000 0.020000
0 0.733459 0.147727 0.020000 0.020000
0 0.764706 0.143464 0.020000 0.020000
0 0.803306 0.146309 0.020000 0.020000
0 0.829047 0.146309 0.020000 0.020000
0 0.851106 0.143464 0.020000 0.020000
0 0.876835 0.143464 0.020000 0.020000
0 0.913600 0.144886 0.020000 0.020000
0 0.946694 0.142045 0.020000 0.020000
1 0.569853 0.946023 0.755294 0.022845
1 0.624079 0.727273 0.646841 0.020000
1 0.842832 0.596591 0.209335 0.020000
1 0.841912 0.529118 0.218529 0.021418
2 0.497244 0.460227 0.898900 0.048291
2 0.503676 0.398436 0.897059 0.044036
2 0.231618 0.318182 0.363965 0.022727
2 0.232535 0.340909 0.362129 0.022727
2 0.233456 0.362927 0.363971 0.021309
2 0.562500 0.363636 0.294118 0.019891
2 0.564338 0.342327 0.290441 0.022727
2 0.563418 0.320311 0.288600 0.021305
2 0.827206 0.320311 0.238976 0.021305
2 0.829965 0.341618 0.233459 0.021309
2 0.830882 0.363636 0.235294 0.022727