2 0.136029 0.274859 0.154412 0.120736
2 0.325368 0.276989 0.224265 0.116477
2 0.693932 0.279830 0.512865 0.122159
2 0.689335 0.447445 0.507353 0.215909
2 0.322609 0.446734 0.226100 0.217332
2 0.129597 0.446023 0.159924 0.215909
2 0.125000 0.661932 0.150729 0.215909
2 0.323529 0.659802 0.231624 0.211650
2 0.688421 0.667614 0.501841 0.218755
2 0.685659 0.834518 0.500000 0.115055
2 0.325371 0.831675 0.227941 0.123577
2 0.139706 0.831675 0.143388 0.123577
2 0.139706 0.926136 0.143388 0.062500
2 0.323529 0.928268 0.231624 0.063918
2 0.687500 0.927555 0.500000 0.068182