0 0.073529 0.313918 0.020000 0.020000
0 0.075365 0.808236 0.020000 0.020000
0 0.069853 0.732955 0.020000 0.020000
0 0.069853 0.688918 0.020000 0.020000
0 0.073529 0.640627 0.020000 0.020000
0 0.069853 0.579545 0.020000 0.020000
0 0.073529 0.531250 0.020000 0.020000
0 0.064341 0.485795 0.020000 0.020000
1 0.192094 0.211648 0.154188 0.022841
1 0.400735 0.237216 0.104553 0.022841
1 0.546874 0.507102 0.135806 0.022841
1 0.799629 0.507102 0.292059 0.022841
1 0.795956 0.550427 0.295735 0.021418
1 0.540441 0.552559 0.133965 0.025682
1 0.386950 0.618607 0.139488 0.024259
1 0.648900 0.617898 0.321471 0.022841
1 0.650735 0.668323 0.292059 0.024264
1 0.391544 0.668325 0.126618 0.021423
1 0.394303 0.712357 0.135806 0.021423
1 0.653494 0.712357 0.297576 0.021423
1 0.652571 0.754973 0.292059 0.021418
1 0.390626 0.755682 0.143159 0.025682
1 0.308824 0.781250 0.281035 0.020000
1 0.540441 0.780539 0.133965 0.021423
1 0.797794 0.779827 0.292059 0.020000
1 0.312500 0.549714 0.273682 0.025682
2 0.501835 0.887075 0.897059 0.132105