0 0.821694 0.526988 0.020000 0.020000
0 0.886031 0.525570 0.020000 0.020000
0 0.897059 0.548297 0.020000 0.020000
0 0.827208 0.551133 0.020000 0.020000
0 0.641545 0.590909 0.020000 0.020000
0 0.643380 0.609376 0.020000 0.020000
0 0.647059 0.632103 0.020000 0.020000
0 0.494486 0.632103 0.020000 0.020000
0 0.485294 0.615055 0.020000 0.020000
0 0.490808 0.592327 0.020000 0.020000
0 0.334557 0.589491 0.020000 0.020000
0 0.332722 0.615055 0.020000 0.020000
0 0.340071 0.633521 0.020000 0.020000
0 0.180149 0.632103 0.020000 0.020000
0 0.821694 0.673297 0.020000 0.020000
0 0.893380 0.673297 0.020000 0.020000
0 0.884188 0.730115 0.020000 0.020000
0 0.821694 0.738636 0.020000 0.020000
0 0.830886 0.754261 0.020000 0.020000
0 0.886031 0.752842 0.020000 0.020000
0 0.889710 0.772727 0.020000 0.020000
0 0.821694 0.778412 0.020000 0.020000
0 0.829043 0.801139 0.020000 0.020000
0 0.887867 0.798297 0.020000 0.020000
0 0.886031 0.818182 0.020000 0.020000
0 0.827208 0.815339 0.020000 0.020000
0 0.823529 0.840909 0.020000 0.020000
0 0.891545 0.835224 0.020000 0.020000
0 0.886031 0.899145 0.020000 0.020000
0 0.889710 0.924715 0.020000 0.020000
0 0.821694 0.920455 0.020000 0.020000
0 0.821694 0.897727 0.020000 0.020000
0 0.803310 0.860794 0.020000 0.020000
0 0.645224 0.857952 0.020000 0.020000
0 0.481616 0.859376 0.020000 0.020000
0 0.172792 0.855115 0.020000 0.020000
0 0.178306 0.877842 0.020000 0.020000
0 0.341914 0.880679 0.020000 0.020000
0 0.176471 0.504261 0.020000 0.020000
0 0.180149 0.487218 0.020000 0.020000
0 0.174635 0.468752 0.020000 0.020000
0 0.181984 0.443182 0.020000 0.020000
2 0.208639 0.312500 0.288604 0.025570
2 0.206800 0.333806 0.295953 0.014206
2 0.207718 0.352982 0.294118 0.024145
2 0.650733 0.352273 0.584557 0.022727
2 0.647059 0.331676 0.588235 0.018467
2 0.645220 0.311791 0.584557 0.018467
2 0.793196 0.248579 0.299631 0.019885
2 0.498165 0.247161 0.294118 0.017048
2 0.204965 0.247161 0.292282 0.017048
2 0.204043 0.105115 0.290439 0.022727
2 0.204043 0.127130 0.290439 0.021303
2 0.205882 0.147727 0.301475 0.019891
2 0.208639 0.167615 0.295961 0.019885
2 0.204047 0.189630 0.294118 0.021309
2 0.205882 0.210227 0.290447 0.019885
2 0.204961 0.230824 0.288604 0.021309
2 0.499078 0.231533 0.299631 0.019891
2 0.500918 0.211645 0.295953 0.019885
2 0.501839 0.191052 0.297796 0.021303
2 0.504596 0.169036 0.292282 0.022727
2 0.502757 0.148439 0.288604 0.018467
2 0.497243 0.131394 0.299631 0.024145
2 0.498161 0.107245 0.301467 0.024152
2 0.794118 0.106533 0.290447 0.022727
2 0.791361 0.129261 0.295961 0.022727
2 0.793196 0.147727 0.299631 0.017042
2 0.792278 0.169745 0.286769 0.021309
2 0.797792 0.188921 0.297796 0.017042
2 0.799635 0.208806 0.279412 0.019891
2 0.806067 0.233664 0.284933 0.024152