0 0.485850 0.370741 0.020000 0.020000
0 0.536035 0.373580 0.020000 0.020000
0 0.433650 0.387782 0.020000 0.020000
0 0.449710 0.390627 0.020000 0.020000
0 0.479823 0.393466 0.020000 0.020000
0 0.505923 0.389202 0.020000 0.020000
0 0.523997 0.392047 0.020000 0.020000
0 0.548082 0.392047 0.020000 0.020000
0 0.570169 0.392047 0.020000 0.020000
0 0.596269 0.392047 0.020000 0.020000
0 0.626382 0.409094 0.020000 0.020000
0 0.650475 0.410513 0.020000 0.020000
0 0.678582 0.410513 0.020000 0.020000
0 0.688622 0.411933 0.020000 0.020000
0 0.704682 0.411933 0.020000 0.020000
0 0.728775 0.407668 0.020000 0.020000
0 0.746841 0.410513 0.020000 0.020000
0 0.764907 0.410513 0.020000 0.020000
0 0.797035 0.411933 0.020000 0.020000
0 0.811088 0.411933 0.020000 0.020000
0 0.827147 0.411933 0.020000 0.020000
0 0.845214 0.410513 0.020000 0.020000
0 0.865294 0.409094 0.020000 0.020000
0 0.889380 0.410513 0.020000 0.020000
0 0.917494 0.410513 0.020000 0.020000
0 0.883360 0.447446 0.020000 0.020000
0 0.849226 0.450285 0.020000 0.020000
0 0.823135 0.451705 0.020000 0.020000
0 0.807067 0.453124 0.020000 0.020000
0 0.791007 0.448865 0.020000 0.020000
0 0.770935 0.446021 0.020000 0.020000
0 0.736801 0.450285 0.020000 0.020000
0 0.716728 0.448865 0.020000 0.020000
0 0.624376 0.450285 0.020000 0.020000
0 0.574182 0.454544 0.020000 0.020000
0 0.226865 0.410513 0.020000 0.020000
0 0.256978 0.409094 0.020000 0.020000
0 0.275044 0.410513 0.020000 0.020000
0 0.303151 0.409094 0.020000 0.020000
0 0.317204 0.411933 0.020000 0.020000
0 0.345310 0.410513 0.020000 0.020000
0 0.361378 0.410513 0.020000 0.020000
0 0.379444 0.410513 0.020000 0.020000
0 0.403537 0.414772 0.020000 0.020000
0 0.429637 0.413352 0.020000 0.020000
0 0.451716 0.413352 0.020000 0.020000
0 0.469790 0.410513 0.020000 0.020000
0 0.489863 0.413352 0.020000 0.020000
0 0.517969 0.411933 0.020000 0.020000
0 0.363384 0.427554 0.020000 0.020000
0 0.333272 0.427554 0.020000 0.020000
0 0.313191 0.428979 0.020000 0.020000
0 0.299138 0.431819 0.020000 0.020000
0 0.283078 0.431819 0.020000 0.020000
0 0.262998 0.427554 0.020000 0.020000
0 0.230878 0.430399 0.020000 0.020000
0 0.479823 0.488637 0.020000 0.020000
0 0.534029 0.488637 0.020000 0.020000
0 0.246938 0.502839 0.020000 0.020000
0 0.258985 0.504259 0.020000 0.020000
0 0.281072 0.504259 0.020000 0.020000
0 0.303151 0.507104 0.020000 0.020000
0 0.337284 0.508523 0.020000 0.020000
0 0.361378 0.507104 0.020000 0.020000
0 0.381450 0.507104 0.020000 0.020000
0 0.395504 0.507104 0.020000 0.020000
0 0.421604 0.508523 0.020000 0.020000
0 0.445697 0.509943 0.020000 0.020000
0 0.473803 0.505684 0.020000 0.020000
0 0.485850 0.505684 0.020000 0.020000
0 0.503916 0.512782 0.020000 0.020000
0 0.523997 0.511363 0.020000 0.020000
0 0.554110 0.508523 0.020000 0.020000
0 0.560129 0.508523 0.020000 0.020000
0 0.572176 0.512782 0.020000 0.020000
0 0.602288 0.509943 0.020000 0.020000
0 0.624376 0.507104 0.020000 0.020000
0 0.642442 0.508523 0.020000 0.020000
0 0.662522 0.511363 0.020000 0.020000
0 0.684601 0.507104 0.020000 0.020000
0 0.708695 0.509943 0.020000 0.020000
0 0.730782 0.512782 0.020000 0.020000
0 0.748848 0.509943 0.020000 0.020000
0 0.774948 0.507104 0.020000 0.020000
0 0.803054 0.507104 0.020000 0.020000
0 0.823135 0.501420 0.020000 0.020000
0 0.839194 0.507104 0.020000 0.020000
0 0.873320 0.507104 0.020000 0.020000
0 0.903433 0.504259 0.020000 0.020000
0 0.871313 0.598010 0.020000 0.020000
0 0.857260 0.605114 0.020000 0.020000
0 0.831160 0.600849 0.020000 0.020000
0 0.815101 0.600849 0.020000 0.020000
0 0.799041 0.599430 0.020000 0.020000
0 0.762901 0.599430 0.020000 0.020000
0 0.740822 0.599430 0.020000 0.020000
0 0.708695 0.596591 0.020000 0.020000
0 0.530016 0.598010 0.020000 0.020000
0 0.497897 0.598010 0.020000 0.020000
0 0.423610 0.599430 0.020000 0.020000
0 0.401531 0.603694 0.020000 0.020000
0 0.246938 0.603694 0.020000 0.020000
0 0.196745 0.613637 0.020000 0.020000
0 0.311185 0.615057 0.020000 0.020000
0 0.379444 0.622161 0.020000 0.020000
0 0.447703 0.620741 0.020000 0.020000
0 0.505923 0.613637 0.020000 0.020000
0 0.580210 0.617896 0.020000 0.020000
0 0.658501 0.617896 0.020000 0.020000
0 0.664529 0.630684 0.020000 0.020000
0 0.588235 0.632104 0.020000 0.020000
0 0.530016 0.637782 0.020000 0.020000
0 0.437663 0.639202 0.020000 0.020000
0 0.331257 0.633523 0.020000 0.020000
0 0.200766 0.639202 0.020000 0.020000
0 0.301144 0.765627 0.020000 0.020000
0 0.449710 0.767047 0.020000 0.020000
0 0.544069 0.772725 0.020000 0.020000
0 0.714722 0.771306 0.020000 0.020000
0 0.413570 0.788352 0.020000 0.020000
0 0.347325 0.791192 0.020000 0.020000
0 0.269025 0.784094 0.020000 0.020000
0 0.156600 0.700285 0.020000 0.020000
0 0.176672 0.693181 0.020000 0.020000
0 0.206785 0.700285 0.020000 0.020000
0 0.228872 0.700285 0.020000 0.020000
0 0.258985 0.697446 0.020000 0.020000
0 0.283078 0.697446 0.020000 0.020000
0 0.299138 0.698865 0.020000 0.020000
0 0.327244 0.703124 0.020000 0.020000
0 0.357357 0.700285 0.020000 0.020000
0 0.172659 0.677554 0.020000 0.020000
0 0.152579 0.677554 0.020000 0.020000
0 0.210806 0.677554 0.020000 0.020000
0 0.234891 0.677554 0.020000 0.020000
0 0.248944 0.678979 0.020000 0.020000
0 0.275044 0.677554 0.020000 0.020000
0 0.293118 0.680399 0.020000 0.020000
0 0.319210 0.680399 0.020000 0.020000
0 0.343304 0.678979 0.020000 0.020000
0 0.371410 0.676135 0.020000 0.020000
0 0.395504 0.678979 0.020000 0.020000
0 0.411563 0.678979 0.020000 0.020000
0 0.463763 0.673295 0.020000 0.020000
0 0.497897 0.676135 0.020000 0.020000
0 0.521982 0.680399 0.020000 0.020000
0 0.530016 0.680399 0.020000 0.020000
0 0.562135 0.676135 0.020000 0.020000
0 0.574182 0.678979 0.020000 0.020000
0 0.600282 0.677554 0.020000 0.020000
0 0.616342 0.674715 0.020000 0.020000
0 0.638429 0.680399 0.020000 0.020000
0 0.662522 0.680399 0.020000 0.020000
0 0.746841 0.680399 0.020000 0.020000
0 0.764907 0.676135 0.020000 0.020000
0 0.784988 0.680399 0.020000 0.020000
0 0.817107 0.671876 0.020000 0.020000
0 0.841201 0.677554 0.020000 0.020000
0 0.859267 0.676135 0.020000 0.020000
0 0.921507 0.826705 0.020000 0.020000
0 0.889380 0.828124 0.020000 0.020000
0 0.869307 0.829544 0.020000 0.020000
0 0.845214 0.829544 0.020000 0.020000
0 0.789001 0.828124 0.020000 0.020000
0 0.764907 0.829544 0.020000 0.020000
0 0.742828 0.828124 0.020000 0.020000
0 0.720741 0.828124 0.020000 0.020000
0 0.692635 0.830964 0.020000 0.020000
0 0.674569 0.825285 0.020000 0.020000
0 0.650475 0.826705 0.020000 0.020000
0 0.624376 0.826705 0.020000 0.020000
0 0.606309 0.806819 0.020000 0.020000
0 0.586229 0.806819 0.020000 0.020000
0 0.568163 0.808238 0.020000 0.020000
0 0.542063 0.802554 0.020000 0.020000
0 0.523997 0.806819 0.020000 0.020000
0 0.485850 0.806819 0.020000 0.020000
0 0.473803 0.806819 0.020000 0.020000
0 0.443691 0.809658 0.020000 0.020000
0 0.409557 0.826705 0.020000 0.020000
0 0.435657 0.829544 0.020000 0.020000
0 0.467776 0.829544 0.020000 0.020000
0 0.491869 0.825285 0.020000 0.020000
0 0.351338 0.826705 0.020000 0.020000
0 0.335278 0.825285 0.020000 0.020000
0 0.313191 0.828124 0.020000 0.020000
0 0.289098 0.825285 0.020000 0.020000
0 0.273038 0.823865 0.020000 0.020000
0 0.246938 0.819601 0.020000 0.020000
0 0.204778 0.828124 0.020000 0.020000
0 0.190725 0.825285 0.020000 0.020000
0 0.232885 0.862218 0.020000 0.020000
0 0.220838 0.876420 0.020000 0.020000
0 0.260991 0.879259 0.020000 0.020000
0 0.309178 0.862218 0.020000 0.020000
0 0.347325 0.906249 0.020000 0.020000
0 0.391491 0.901990 0.020000 0.020000
0 0.459750 0.867896 0.020000 0.020000
0 0.558122 0.883523 0.020000 0.020000
0 0.610322 0.877839 0.020000 0.020000
0 0.728775 0.862218 0.020000 0.020000
0 0.158606 0.335228 0.020000 0.020000
0 0.162619 0.315342 0.020000 0.020000
0 0.162619 0.296876 0.020000 0.020000
0 0.166632 0.271306 0.020000 0.020000
0 0.162619 0.254259 0.020000 0.020000
0 0.160612 0.200285 0.020000 0.020000
0 0.178678 0.201705 0.020000 0.020000
0 0.206785 0.201705 0.020000 0.020000
0 0.224859 0.201705 0.020000 0.020000
0 0.224859 0.214487 0.020000 0.020000
0 0.242925 0.218751 0.020000 0.020000
0 0.246938 0.203124 0.020000 0.020000
0 0.269025 0.203124 0.020000 0.020000
0 0.271031 0.217332 0.020000 0.020000
0 0.291104 0.217332 0.020000 0.020000
0 0.291104 0.200285 0.020000 0.020000
0 0.313191 0.201705 0.020000 0.020000
0 0.309178 0.217332 0.020000 0.020000
0 0.321225 0.217332 0.020000 0.020000
0 0.327244 0.203124 0.020000 0.020000
0 0.349331 0.203124 0.020000 0.020000
0 0.347325 0.213067 0.020000 0.020000
0 0.367397 0.217332 0.020000 0.020000
0 0.367397 0.204544 0.020000 0.020000
0 0.399517 0.200285 0.020000 0.020000
0 0.395504 0.208808 0.020000 0.020000
0 0.413570 0.217332 0.020000 0.020000
0 0.413570 0.208808 0.020000 0.020000
0 0.435657 0.200285 0.020000 0.020000
0 0.433650 0.215906 0.020000 0.020000
0 0.447703 0.215906 0.020000 0.020000
0 0.451716 0.200285 0.020000 0.020000
0 0.475810 0.197446 0.020000 0.020000
0 0.473803 0.213067 0.020000 0.020000
0 0.489863 0.215906 0.020000 0.020000
0 0.499903 0.197446 0.020000 0.020000
0 0.519976 0.203124 0.020000 0.020000
0 0.511950 0.213067 0.020000 0.020000
0 0.530016 0.215906 0.020000 0.020000
0 0.538050 0.198865 0.020000 0.020000
0 0.572176 0.197446 0.020000 0.020000
0 0.558122 0.221591 0.020000 0.020000
0 0.596269 0.203124 0.020000 0.020000
0 0.618356 0.198865 0.020000 0.020000
0 0.656495 0.193181 0.020000 0.020000
0 0.742828 0.220171 0.020000 0.020000
0 0.726761 0.214487 0.020000 0.020000
0 0.772941 0.214487 0.020000 0.020000
0 0.791007 0.220171 0.020000 0.020000
0 0.825141 0.218751 0.020000 0.020000
0 0.815101 0.196021 0.020000 0.020000
0 0.835173 0.200285 0.020000 0.020000
0 0.835173 0.217332 0.020000 0.020000
0 0.851241 0.224430 0.020000 0.020000
0 0.861273 0.198865 0.020000 0.020000
0 0.875326 0.197446 0.020000 0.020000
0 0.873320 0.213067 0.020000 0.020000
0 0.893400 0.220171 0.020000 0.020000
0 0.897413 0.204544 0.020000 0.020000
0 0.921507 0.197446 0.020000 0.020000
0 0.913473 0.218751 0.020000 0.020000
0 0.919500 0.257104 0.020000 0.020000
0 0.913473 0.279829 0.020000 0.020000
0 0.927526 0.299715 0.020000 0.020000
0 0.905447 0.295456 0.020000 0.020000
0 0.897413 0.269886 0.020000 0.020000
0 0.897413 0.259943 0.020000 0.020000
0 0.869307 0.254259 0.020000 0.020000
0 0.871313 0.272725 0.020000 0.020000
0 0.877341 0.301135 0.020000 0.020000
0 0.867301 0.311078 0.020000 0.020000
0 0.863288 0.294036 0.020000 0.020000
0 0.861273 0.267047 0.020000 0.020000
0 0.855254 0.247161 0.020000 0.020000
0 0.837188 0.252839 0.020000 0.020000
0 0.835173 0.279829 0.020000 0.020000
0 0.839194 0.298295 0.020000 0.020000
0 0.843207 0.319601 0.020000 0.020000
0 0.821120 0.312497 0.020000 0.020000
0 0.807067 0.298295 0.020000 0.020000
0 0.813094 0.264202 0.020000 0.020000
0 0.813094 0.251420 0.020000 0.020000
0 0.791007 0.261363 0.020000 0.020000
0 0.789001 0.285513 0.020000 0.020000
0 0.799041 0.292611 0.020000 0.020000
0 0.799041 0.311078 0.020000 0.020000
0 0.780967 0.305399 0.020000 0.020000
0 0.772941 0.289772 0.020000 0.020000
0 0.770935 0.275570 0.020000 0.020000
0 0.766914 0.259943 0.020000 0.020000
0 0.754875 0.265627 0.020000 0.020000
0 0.750854 0.275570 0.020000 0.020000
0 0.750854 0.292611 0.020000 0.020000
0 0.758888 0.313922 0.020000 0.020000
0 0.182691 0.258523 0.020000 0.020000
0 0.200766 0.257104 0.020000 0.020000
0 0.220838 0.257104 0.020000 0.020000
0 0.244932 0.258523 0.020000 0.020000
0 0.260991 0.258523 0.020000 0.020000
0 0.291104 0.254259 0.020000 0.020000
0 0.307172 0.254259 0.020000 0.020000
0 0.335278 0.255684 0.020000 0.020000
0 0.355351 0.254259 0.020000 0.020000
0 0.375431 0.254259 0.020000 0.020000
0 0.397510 0.254259 0.020000 0.020000
0 0.431644 0.254259 0.020000 0.020000
0 0.401531 0.252839 0.020000 0.020000
0 0.453723 0.254259 0.020000 0.020000
0 0.467776 0.254259 0.020000 0.020000
0 0.493876 0.254259 0.020000 0.020000
0 0.513956 0.252839 0.020000 0.020000
0 0.540056 0.255684 0.020000 0.020000
0 0.560129 0.257104 0.020000 0.020000
0 0.582216 0.257104 0.020000 0.020000
0 0.604295 0.254259 0.020000 0.020000
0 0.628388 0.254259 0.020000 0.020000
0 0.650475 0.254259 0.020000 0.020000
0 0.666535 0.252839 0.020000 0.020000
0 0.682595 0.252839 0.020000 0.020000
0 0.704682 0.252839 0.020000 0.020000
0 0.726761 0.254259 0.020000 0.020000
0 0.724754 0.274151 0.020000 0.020000
0 0.716728 0.288352 0.020000 0.020000
0 0.706688 0.295456 0.020000 0.020000
0 0.708695 0.274151 0.020000 0.020000
0 0.680588 0.278409 0.020000 0.020000
0 0.684601 0.294036 0.020000 0.020000
0 0.660516 0.299715 0.020000 0.020000
0 0.666535 0.276990 0.020000 0.020000
0 0.660516 0.312497 0.020000 0.020000
0 0.644448 0.311078 0.020000 0.020000
0 0.644448 0.291192 0.020000 0.020000
0 0.644448 0.275570 0.020000 0.020000
0 0.626382 0.271306 0.020000 0.020000
0 0.622369 0.294036 0.020000 0.020000
0 0.622369 0.312497 0.020000 0.020000
0 0.608316 0.312497 0.020000 0.020000
0 0.606309 0.295456 0.020000 0.020000
0 0.606309 0.275570 0.020000 0.020000
0 0.582216 0.271306 0.020000 0.020000
0 0.584222 0.289772 0.020000 0.020000
0 0.578203 0.309658 0.020000 0.020000
0 0.564150 0.309658 0.020000 0.020000
0 0.562135 0.295456 0.020000 0.020000
0 0.568163 0.281249 0.020000 0.020000
0 0.540056 0.274151 0.020000 0.020000
0 0.544069 0.294036 0.020000 0.020000
0 0.536035 0.313922 0.020000 0.020000
0 0.523997 0.312497 0.020000 0.020000
0 0.517969 0.292611 0.020000 0.020000
0 0.517969 0.269886 0.020000 0.020000
0 0.495882 0.276990 0.020000 0.020000
0 0.491869 0.299715 0.020000 0.020000
0 0.497897 0.316762 0.020000 0.020000
0 0.479823 0.316762 0.020000 0.020000
0 0.471797 0.298295 0.020000 0.020000
0 0.475810 0.278409 0.020000 0.020000
0 0.449710 0.274151 0.020000 0.020000
0 0.451716 0.296876 0.020000 0.020000
0 0.435657 0.294036 0.020000 0.020000
0 0.427623 0.269886 0.020000 0.020000
0 0.413570 0.274151 0.020000 0.020000
0 0.411563 0.298295 0.020000 0.020000
0 0.411563 0.319601 0.020000 0.020000
0 0.397510 0.313922 0.020000 0.020000
0 0.391491 0.295456 0.020000 0.020000
0 0.395504 0.276990 0.020000 0.020000
0 0.371410 0.275570 0.020000 0.020000
0 0.371410 0.298295 0.020000 0.020000
0 0.373417 0.318181 0.020000 0.020000
0 0.355351 0.333808 0.020000 0.020000
0 0.353344 0.311078 0.020000 0.020000
0 0.353344 0.296876 0.020000 0.020000
0 0.355351 0.271306 0.020000 0.020000
0 0.325238 0.265627 0.020000 0.020000
0 0.325238 0.291192 0.020000 0.020000
0 0.335278 0.315342 0.020000 0.020000
0 0.323231 0.340906 0.020000 0.020000
0 0.321225 0.333808 0.020000 0.020000
0 0.291104 0.336648 0.020000 0.020000
0 0.267019 0.332389 0.020000 0.020000
0 0.246938 0.332389 0.020000 0.020000
0 0.226865 0.336648 0.020000 0.020000
0 0.196745 0.330964 0.020000 0.020000
0 0.186712 0.339487 0.020000 0.020000
0 0.190725 0.316762 0.020000 0.020000
0 0.208791 0.316762 0.020000 0.020000
0 0.210806 0.294036 0.020000 0.020000
0 0.190725 0.294036 0.020000 0.020000
0 0.180685 0.276990 0.020000 0.020000
0 0.206785 0.279829 0.020000 0.020000
0 0.216825 0.276990 0.020000 0.020000
0 0.224859 0.291192 0.020000 0.020000
0 0.220838 0.312497 0.020000 0.020000
0 0.248944 0.313922 0.020000 0.020000
0 0.258985 0.299715 0.020000 0.020000
0 0.244932 0.272725 0.020000 0.020000
0 0.269025 0.275570 0.020000 0.020000
0 0.271031 0.291192 0.020000 0.020000
0 0.265012 0.309658 0.020000 0.020000
0 0.297131 0.315342 0.020000 0.020000
0 0.317204 0.318181 0.020000 0.020000
0 0.317204 0.299715 0.020000 0.020000
0 0.287091 0.301135 0.020000 0.020000
0 0.293118 0.276990 0.020000 0.020000
0 0.327244 0.278409 0.020000 0.020000
1 0.358364 0.847300 0.299065 0.021420
1 0.740818 0.850852 0.397429 0.022845
1 0.712712 0.701705 0.445616 0.020000
1 0.609319 0.755684 0.652401 0.020000
1 0.604299 0.664062 0.642361 0.024259
1 0.600282 0.584518 0.670475 0.024259
1 0.571172 0.571023 0.704601 0.022845
1 0.708695 0.340906 0.457663 0.020000
1 0.819118 0.240057 0.220766 0.022839
1 0.400524 0.243606 0.451636 0.021420
2 0.385463 0.468749 0.489863 0.014202
2 0.853243 0.620738 0.152579 0.008523
2 0.851237 0.638495 0.148566 0.021311
2 0.724758 0.904829 0.389484 0.017047