0 0.210919 0.223010 0.020000 0.020000
0 0.345502 0.224434 0.020000 0.020000
0 0.476070 0.228692 0.020000 0.020000
0 0.377642 0.251419 0.020000 0.020000
0 0.120526 0.252839 0.020000 0.020000
0 0.112491 0.281248 0.020000 0.020000
0 0.108470 0.312501 0.020000 0.020000
0 0.116505 0.330966 0.020000 0.020000
0 0.636765 0.252839 0.020000 0.020000
2 0.788428 0.281960 0.146638 0.024151
2 0.786418 0.308239 0.142618 0.019889
2 0.784411 0.330964 0.138603 0.028410
2 0.858733 0.436789 0.130562 0.024147
2 0.863755 0.458097 0.132576 0.012783
2 0.859740 0.477982 0.132576 0.021308
2 0.860744 0.504263 0.130568 0.025566
2 0.862751 0.528410 0.134583 0.022728
2 0.860744 0.553266 0.134583 0.026986
2 0.860744 0.578835 0.134583 0.024151
2 0.861747 0.600853 0.132576 0.019885
2 0.861747 0.620028 0.132576 0.018465
2 0.859740 0.647016 0.132576 0.032672
2 0.864761 0.674716 0.142618 0.019889
2 0.856723 0.693893 0.130568 0.021304
2 0.857730 0.715199 0.140611 0.018469
2 0.857727 0.741477 0.132576 0.019885
2 0.801484 0.814630 0.108470 0.026986
2 0.798470 0.843749 0.102443 0.034091
2 0.799477 0.875710 0.104456 0.029829
2 0.880828 0.916905 0.098428 0.024147
2 0.424846 0.916193 0.110478 0.017046
2 0.638776 0.879260 0.188821 0.025566
2 0.630741 0.845169 0.184807 0.022728
2 0.633755 0.817471 0.190834 0.018465
2 0.380653 0.816052 0.114498 0.018465
2 0.373625 0.850141 0.100441 0.024147
2 0.377642 0.884233 0.104450 0.018469
2 0.203888 0.882103 0.194849 0.025566
2 0.210916 0.848010 0.192836 0.017046
2 0.201877 0.814630 0.202884 0.024147
2 0.423842 0.435368 0.124541 0.018465
2 0.424846 0.457386 0.122533 0.025571
2 0.424846 0.481535 0.122533 0.022728
2 0.424846 0.506392 0.122533 0.026986
2 0.426853 0.531248 0.122533 0.022728
2 0.420828 0.553268 0.134583 0.018465
2 0.422836 0.580254 0.114498 0.029829
2 0.423842 0.604404 0.124541 0.015622
2 0.422839 0.624288 0.122533 0.024147
2 0.425852 0.646306 0.116505 0.019889
2 0.427860 0.669034 0.120520 0.025566
2 0.424846 0.695312 0.126548 0.026990
2 0.424846 0.719461 0.122533 0.021308
2 0.421835 0.742897 0.124541 0.019885