0 0.312641 0.039773 0.020000 0.020000
0 0.406435 0.036933 0.020000 0.020000
0 0.792641 0.218751 0.020000 0.020000
1 0.519538 0.284800 0.088041 0.021422
1 0.616088 0.285511 0.145059 0.020000
1 0.744824 0.285511 0.152412 0.020000
2 0.281379 0.089489 0.393559 0.090909
2 0.378850 0.151279 0.198618 0.032672
2 0.182071 0.153410 0.194941 0.028410
2 0.286894 0.217328 0.393565 0.110795
2 0.278621 0.289062 0.410112 0.032672
2 0.646435 0.245027 0.332871 0.032672
2 0.561835 0.209516 0.160000 0.029827
2 0.564594 0.181109 0.165518 0.026988
2 0.728271 0.180398 0.161835 0.028410
2 0.726432 0.152699 0.165512 0.029832
2 0.563676 0.151277 0.160000 0.026988
2 0.558159 0.110795 0.167353 0.042617
2 0.557238 0.068891 0.158159 0.038355