0 0.341912 0.038355 0.020000 0.020000
0 0.382353 0.035509 0.020000 0.020000
0 0.455882 0.038355 0.020000 0.020000
0 0.488971 0.038355 0.020000 0.020000
0 0.591912 0.034091 0.020000 0.020000
0 0.062500 0.177555 0.020000 0.020000
0 0.134188 0.176136 0.020000 0.020000
0 0.101106 0.272727 0.020000 0.020000
0 0.128676 0.362218 0.020000 0.020000
0 0.191176 0.357955 0.020000 0.020000
0 0.275735 0.359373 0.020000 0.020000
0 0.097424 0.404827 0.020000 0.020000
0 0.101106 0.451705 0.020000 0.020000
0 0.097424 0.500000 0.020000 0.020000
0 0.095588 0.544036 0.020000 0.020000
0 0.101106 0.728691 0.020000 0.020000
0 0.097424 0.781250 0.020000 0.020000
0 0.104776 0.862218 0.020000 0.020000
2 0.504594 0.651991 0.902576 0.045455