0 0.922005 0.238635 0.020000 0.020000
0 0.965909 0.237218 0.020000 0.020000
0 0.925295 0.303976 0.020000 0.020000
0 0.964814 0.306818 0.020000 0.020000
0 0.961518 0.373582 0.020000 0.020000
0 0.918709 0.372159 0.020000 0.020000
0 0.924200 0.434659 0.020000 0.020000
0 0.963714 0.438918 0.020000 0.020000
0 0.964814 0.504259 0.020000 0.020000
0 0.928591 0.501418 0.020000 0.020000
2 0.125130 0.238638 0.182205 0.068182
2 0.304041 0.240768 0.184400 0.066759
2 0.437952 0.235085 0.083423 0.069606
2 0.626745 0.240768 0.289773 0.069606
2 0.844623 0.236506 0.143791 0.066765
2 0.122934 0.308238 0.175623 0.068182
2 0.305689 0.305397 0.185495 0.062500
2 0.442891 0.311791 0.093300 0.063924
2 0.628939 0.309659 0.294159 0.065341
2 0.843525 0.306821 0.143786 0.068182
2 0.846266 0.372159 0.144886 0.065341
2 0.846266 0.435371 0.144886 0.061082
2 0.843525 0.502129 0.137205 0.069600
2 0.122934 0.371450 0.182205 0.063924
2 0.303493 0.371450 0.183305 0.066759
2 0.437402 0.372868 0.086714 0.066759
2 0.630584 0.373579 0.299650 0.065335
2 0.624000 0.436788 0.288673 0.075282
2 0.440148 0.440338 0.083423 0.068182
2 0.306784 0.437500 0.178914 0.062506
2 0.125677 0.438918 0.185500 0.065341
2 0.124582 0.504259 0.181109 0.065341
2 0.305689 0.505679 0.181105 0.062500
2 0.441243 0.504971 0.090005 0.061082
2 0.627841 0.504971 0.283191 0.061082
2 0.498870 0.686788 0.973595 0.075282
2 0.502164 0.764203 0.967009 0.079547
2 0.385266 0.836647 0.733214 0.065341
2 0.868770 0.836647 0.233795 0.065341
2 0.869866 0.901988 0.238186 0.065341
2 0.381973 0.901991 0.735409 0.062500
2 0.500516 0.616479 0.976886 0.073865