0 0.463200 0.200282 0.020000 0.020000
0 0.489539 0.204549 0.020000 0.020000
0 0.514788 0.200282 0.020000 0.020000
0 0.518079 0.284094 0.020000 0.020000
0 0.492830 0.286933 0.020000 0.020000
0 0.462097 0.284094 0.020000 0.020000
0 0.465394 0.370737 0.020000 0.020000
0 0.491733 0.373576 0.020000 0.020000
0 0.521370 0.369318 0.020000 0.020000
0 0.521370 0.461647 0.020000 0.020000
0 0.491733 0.461647 0.020000 0.020000
0 0.459903 0.460227 0.020000 0.020000
0 0.463200 0.531247 0.020000 0.020000
0 0.497224 0.531247 0.020000 0.020000
0 0.520273 0.529827 0.020000 0.020000
0 0.522467 0.600855 0.020000 0.020000
0 0.491733 0.598008 0.020000 0.020000
0 0.463200 0.600855 0.020000 0.020000
0 0.467588 0.674714 0.020000 0.020000
0 0.490636 0.674714 0.020000 0.020000
0 0.520273 0.673294 0.020000 0.020000
0 0.516982 0.762784 0.020000 0.020000
0 0.493933 0.761365 0.020000 0.020000
0 0.463200 0.757106 0.020000 0.020000
2 0.720588 0.200282 0.376485 0.099435
2 0.719491 0.286933 0.378679 0.073867
2 0.718942 0.374286 0.373194 0.106533
2 0.718942 0.462357 0.373194 0.069608
2 0.718394 0.532671 0.374291 0.071020
2 0.717845 0.603694 0.375388 0.071027
2 0.718942 0.676137 0.377582 0.073859
2 0.718942 0.763494 0.377582 0.100855